1788867594.692900177 0.0198787
1788867595.200046328 0.118309
1788867595.706901449 0.039459
1788867596.214564967 0.0590943
1788867596.724317536 0.0196173
1788867597.231014503 0.0789426
1788867597.738295758 0.0394259
1788867598.245136743 0.0197301
1788867598.752098389 0
1788867599.259198073 0.03944
1788867599.766828334 0.0196994
1788867600.274066081 0.0197146
1788867600.781334227 0.0197134
1788867601.289134547 0.0196928
1788867601.795913969 0
1788867602.302670257 0.0394667
1788867602.809130934 0.0197449
1788867603.321593425 0.136595
1788867603.846366286 0.0381117
1788867604.353630125 0
1788867604.860659032 0.0197227
1788867605.367633731 0.138074
1788867605.874746824 0.0197195
1788867606.381437320 0.0197359
1788867606.889329391 0.0196892
1788867607.396348419 0.0197231
1788867607.903045739 0.177621
1788867608.409801638 0.0394667
1788867608.916275267 0.0197444
1788867609.423372317 0.0197201
1788867609.930601814 0.0197149
1788867610.438432880 0.0196916
1788867610.996830040 0.161176
1788867611.576700949 0.0172452
1788867612.084873069 0.0393568
1788867612.592683888 0.0196924
1788867613.099514042 0.039461
1788867613.606352129 0.0197302
1788867614.112757264 0.019747
1788867614.619889810 0.0197187
1788867615.128441279 0.0393273
1788867615.636835733 0.0196698
1788867616.147238915 0.0195924
1788867616.654506632 0.0197134
1788867617.161752895 0.0394286
1788867617.668823634 0.0197211
1788867618.175751512 0.0394533
1788867618.683701828 0.019687
1788867619.191145909 0.0197066
1788867619.698563348 0.0197077
1788867620.205260031 0.0197357
1788867620.712445466 0.0197167
1788867621.219379852 0.0197264
1788867621.726692380 0
1788867622.245952252 0.0577745
1788867622.788423768 0.0737367
1788867623.295602352 0.0197169
1788867623.802885636 0.0197129
1788867624.311069750 0.0393558
