1788867947.094535959 0.0198903
1788867947.601556973 0.019723
1788867948.108364623 0.0197313
1788867948.615357193 0.0788966
1788867949.122446875 0.0197204
1788867949.629512692 0.0394426
1788867950.136851454 0.0197107
1788867950.644309734 0.0197061
1788867951.151444063 0.0197187
1788867951.658787724 0.0197105
1788867952.165940309 0.0197179
1788867952.673119888 0
1788867953.180786001 0.019698
1788867953.687826668 0.0197223
1788867954.195453666 0.039399
1788867954.702437998 0.039449
1788867955.209281384 0
1788867955.715951680 0.0394734
1788867956.229380303 0.136338
1788867956.736206590 0.0197306
1788867957.243417267 0.0197157
1788867957.750222058 0
1788867958.256886978 0.25658
1788867958.764289287 0.0197082
1788867959.274539450 0.0195982
1788867959.782074338 0.0197031
1788867960.289160463 0.0197205
1788867960.821644537 0.0938995
1788867961.365524545 0.0735456
1788867961.872833212 0.0394237
1788867962.380053558 0.0197153
1788867962.887270856 0.0197154
1788867963.394783938 0.0197039
1788867963.901778157 0
1788867964.408658170 0.0394571
1788867964.915532165 0.0197288
1788867965.422901562 0.0985474
1788867965.930449124 0.0197026
1788867966.438405537 0.0393734
1788867966.949256524 0.0195752
1788867967.456378300 0.0394382
1788867967.963654144 0.0197131
1788867968.470664244 0.039447
1788867968.977659673 0.0197241
1788867969.484898237 0.0197146
1788867969.995589713 0.0195813
1788867970.502271943 0.0197362
1788867971.009065405 0.0197319
1788867971.515551575 0.0592316
1788867972.022731832 0.0197169
1788867972.529508713 0.0197325
1788867973.036695070 0.0394333
1788867973.549750093 0.740661
1788867974.057185374 0.019707
1788867974.564364854 0.0197169
1788867975.071489492 0.019719
1788867975.578890553 0.216791
1788867976.086454658 0
1788867976.594707409 0.0196752
