1788875270.352054898 0.137596
1788875270.866118738 0.155623
1788875271.373234373 0.256352
1788875271.880421884 0.0788662
1788875272.393655734 0.0974214
1788875272.922191183 0.0567607
1788875273.429812499 0.0984987
1788875273.940244983 0.0587737
1788875274.447236557 0.0591725
1788875274.955361857 0.432964
1788875275.462675019 0.0591351
1788875275.969822620 0.0591543
1788875276.477303435 0.0591155
1788875276.994058881 0.116109
1788875277.500345691 0.0592549
1788875278.006705763 0.0394976
1788875278.512896319 0.0395108
1788875279.020144823 0.0591426
1788875279.528412903 0.0393493
1788875280.047208923 0.231305
1788875280.563599723 0.0774607
1788875281.070874125 0.0394264
1788875281.578455451 0.0394026
1788875282.087974903 0.0588791
1788875282.595251086 0.157705
1788875283.102087759 0.118381
1788875283.608820307 0.157874
1788875284.115584056 0.0394661
1788875284.622751762 0.0394347
1788875285.130241631 0.0591145
1788875285.647820507 0.0579622
1788875286.166577576 0.0771074
1788875286.674962976 0.0590104
1788875287.182149102 0.138016
1788875287.690823623 0.0393179
1788875288.198419028 0.0394014
1788875288.709753474 0.0391134
1788875289.216650653 0.138095
1788875289.795662744 0.086354
1788875290.302349202 0.0394722
1788875290.808908447 0.0592231
1788875291.315835766 0.0591801
1788875291.822999182 0.039435
1788875292.330317787 0.512499
1788875292.841667830 0.0586682
1788875293.348764379 0.0394402
1788875293.855703445 0.0986312
1788875294.363054061 0.0591307
1788875294.870558730 0.0394085
1788875295.377738245 0.0394338
1788875295.886438416 0.0393159
1788875296.393737835 0.0591367
1788875296.905740982 0.117187
1788875297.459382822 0.234809
1788875297.966657501 0.0394263
1788875298.474070682 0.0394156
1788875298.981873253 0.0393854
1788875299.491456145 0.0392478
1788875299.998334693 0.0394571
