1788873268.786845705 0.177221
1788873269.293993118 0.138027
1788873269.800518092 0.236908
1788873270.306635629 0.0987912
1788873270.812706348 0.0592802
1788873271.319127923 0.0592391
1788873271.826116525 0.0394486
1788873272.334990609 0.0589537
1788873272.841711482 0.33549
1788873273.348157937 0.0789818
1788873273.854937279 0.256522
1788873274.361808659 0.0394578
1788873274.868544212 0.157873
1788873275.375131955 0.0592197
1788873275.883658112 0.058994
1788873276.390869583 0.0394313
1788873276.898132774 0.0394273
1788873277.405196234 0.0394428
1788873277.911884862 0.0789439
1788873278.418505753 0.0394772
1788873278.925528491 0.0986149
1788873279.438945917 0.0779094
1788873279.946387529 0.17736
1788873280.453591319 0.0394319
1788873280.960494373 0.0394553
1788873281.467084599 0.0592195
1788873281.973597848 0.197428
1788873282.482094140 0.0393317
1788873282.988964842 0.0394578
1788873283.495636821 0.0394733
1788873284.002359414 0.0394694
1788873284.515297087 0.116973
1788873285.033462341 0.0385977
1788873285.540662039 0.0394322
1788873286.047932182 0.0788535
1788873286.556217625 0.0786959
1788873287.063521195 0.0394242
1788873287.570384931 0.138104
1788873288.077503149 0.0591578
1788873288.587462531 0.0392188
1788873289.094776014 0.0394234
1788873289.601340487 0.0394816
1788873290.107756459 0.0592398
1788873290.614067518 0.0592521
1788873291.120741399 0.0394731
1788873291.628499581 0.0393888
1788873292.139230094 0.137058
1788873292.646283487 0.0394436
1788873293.156018163 0.0392361
1788873293.664331804 0.0393458
1788873294.171976796 0.0787952
1788873294.679124441 0.0394362
1788873295.189028759 0.0392231
1788873295.700574997 0.0390972
1788873296.207357333 0.0986618
1788873296.726593284 0.173332
1788873297.275627163 0.273207
1788873297.784764757 0.0392821
1788873298.292294992 0.0394065
