1788872488.990862193 0.219054
1788872489.497685208 0.0591923
1788872490.004490309 0.177583
1788872490.531643291 0.265578
1788872491.039217590 0.157612
1788872491.553810981 0.174895
1788872492.097464264 0.257517
1788872492.604133463 0.0592103
1788872493.113602405 0.0785131
1788872493.620451591 0.0591892
1788872494.127516186 0.0394427
1788872494.635312141 0.393859
1788872495.150863969 0.0193967
1788872495.666227362 0.135827
1788872496.188489914 0.0574423
1788872496.700418893 0.117204
1788872497.248422239 0.182481
1788872497.759110243 0.0587443
1788872498.275491715 0.135559
1788872498.784282275 0.0393089
1788872499.290990890 0.0394704
1788872499.797649087 0.0197372
1788872500.304151376 0.0592298
1788872500.812012087 0.0196904
1788872501.318287501 0.0592563
1788872501.824735001 0.0592362
1788872502.332331609 0.0394013
1788872502.839202108 0.0394578
1788872503.348375254 0.0392794
1788872503.855308616 0.0394529
1788872504.363347493 0.0590506
1788872504.870511287 0.039435
1788872505.379661868 0.0589216
1788872505.886388592 0.0197345
1788872506.393314739 0.0394535
1788872506.899608343 0.0197514
1788872507.406093939 0.0592318
1788872507.914657554 0.0393264
1788872508.422172131 0.0788156
1788872508.948151584 0.133085
1788872509.456014475 0.0393807
1788872509.965041110 0.0392906
1788872510.472296883 0.0591417
1788872510.979654293 0.03942
1788872511.486686079 0.0394452
1788872511.993718855 0.0394452
1788872512.500262157 0.059225
1788872513.008547339 0.059022
1788872513.515155951 0.0197391
1788872514.021813828 0.0986859
1788872514.528774037 0.0394508
1788872515.035484572 0.0394702
1788872515.542269905 0.0394645
1788872516.049186602 0.0394542
1788872516.565651617 0.0387248
1788872517.072090828 0.0592371
1788872517.578836350 0.374941
1788872518.085597204 0.0394663
1788872518.592305262 0.0592057
