1788873766.163558083 0.236131
1788873766.755551195 0.354734
1788873767.342260136 0.153398
1788873767.849770223 0.19704
1788873768.360038591 0.0979877
1788873768.867125502 0.197205
1788873769.374445325 0.0788457
1788873769.881750853 0.29568
1788873770.419418499 0.223186
1788873770.926854311 0.335018
1788873771.436817325 0.0392185
1788873771.944416351 0.177305
1788873772.451394363 0.0394494
1788873772.958665922 0.532259
1788873773.466426871 0.0590829
1788873773.973623227 0.0394325
1788873774.480770078 0.0394363
1788873774.989828958 0.353594
1788873775.496687716 0.0197294
1788873776.003497475 0.0394625
1788873776.510215176 0.0592045
1788873777.021688931 0.136859
1788873777.563945077 0.184415
1788873778.071341227 0.0394169
1788873778.578843312 0.0394087
1788873779.088958076 0.0588103
1788873779.596249507 0.0591375
1788873780.103112567 0.0591876
1788873780.610333243 0.0591458
1788873781.116827720 0.0394871
1788873781.623484587 0.0592117
1788873782.130249582 0.039466
1788873782.638515382 0.0393495
1788873783.145744847 0.11829
1788873783.652968781 0.0394303
1788873784.159885601 0.0394542
1788873784.666934702 0.0394439
1788873785.175044689 0.0984039
1788873785.682696976 0.0393971
1788873786.197551541 0.0776919
1788873786.704535733 0.17752
1788873787.211726548 0.0197164
1788873787.718967108 0.078858
1788873788.226763314 0.0393859
1788873788.738869887 0.0390543
1788873789.247153460 0.0393481
1788873789.754934332 0.0393871
1788873790.262038660 0.0394396
1788873790.769140868 0.0394398
1788873791.276252126 0.0197195
1788873791.783841570 0.0788038
1788873792.292665745 0.0393063
1788873792.799605505 0.0591786
1788873793.306643922 0.0394448
1788873793.813450362 0.0394628
1788873794.326710107 0.2338
1788873794.833990892 0.0394259
1788873795.342763996 0.0589654
1788873795.850457307 0.0590908
