1788873945.622732568 0.21912
1788873946.129424817 0.0789434
1788873946.636111271 0.138153
1788873947.145157035 0.0589338
1788873947.651882405 0.0592037
1788873948.158660580 0.07893
1788873948.665485844 0.138115
1788873949.172602812 0.0394386
1788873949.679561179 0.315608
1788873950.186710250 0.256335
1788873950.695414912 0.0589733
1788873951.202649777 0.0788589
1788873951.710012483 0.0394195
1788873952.216897402 0.059185
1788873952.723819948 0.0789076
1788873953.231047121 0.0394301
1788873953.740140626 0.0392855
1788873954.247340613 0.157729
1788873954.754914373 0.0394031
1788873955.262656807 0.0393901
1788873955.769746650 0.118322
1788873956.276667063 0.0394539
1788873956.783887145 0.0197153
1788873957.293623090 0.078472
1788873957.800684245 0.157772
1788873958.307915697 0.0394298
1788873958.814787683 0.0394577
1788873959.321845875 0.0591648
1788873959.828799256 0.0591771
1788873960.336261540 0.0394118
1788873960.844726356 0.0590011
1788873961.351901340 0.0591512
1788873961.859430061 0.0394066
1788873962.366634461 0.0394319
1788873962.873955151 0.0197114
1788873963.381216829 0.0394274
1788873963.890082027 0.0196516
1788873964.397408269 0.0394224
1788873964.904855312 0.039413
1788873965.412162399 0.0591358
1788873965.919382220 0.0394306
1788873966.426479429 0.0591603
1788873966.933873639 0.0197085
1788873967.442779263 0.1179
1788873967.949922245 0.216901
1788873968.457083753 0.0788704
1788873968.975208269 0.617612
1788873969.570911887 0.520393
1788873970.078388936 0.0394107
1788873970.585434533 0.0986104
1788873971.094918815 0.0588831
1788873971.601469016 0.0592242
1788873972.108356507 0.0394565
1788873972.614849610 0.0394872
1788873973.127801564 0.03899
1788873973.637248428 0.0392583
1788873974.145687293 0.0393361
1788873974.652794587 0.0197197
1788873975.159904094 0.0394393
