1788874244.200114103 0.0597216
1788874244.710062009 0.117659
1788874245.216771342 0.138146
1788874245.724605026 0.354447
1788874246.232764270 0.0983944
1788874246.743560810 0.0978862
1788874247.250594355 0.118335
1788874247.763732168 0.0584638
1788874248.274934472 0.0391235
1788874248.782393592 0.315296
1788874249.291503596 0.0392842
1788874249.799877865 0.0590117
1788874250.308640829 0.0786221
1788874250.815277555 0.039476
1788874251.322829200 0.0591072
1788874251.831707978 0.353719
1788874252.338750534 0.0591666
1788874252.845942942 0.0394328
1788874253.353371915 0.0591216
1788874253.861391133 0.0590529
1788874254.367961697 0.0394811
1788874254.874724145 0.0394662
1788874255.381915671 0.138015
1788874255.889315490 0.177375
1788874256.396505701 0.0985824
1788874256.904048870 0.0394055
1788874257.412820092 0.235863
1788874257.919482520 0.0789481
1788874258.427218440 0.0393905
1788874258.940648125 0.331106
1788874259.537679782 0.234493
1788874260.044826694 0.0394363
1788874260.552807130 0.0590574
1788874261.062161659 0.058898
1788874261.569354555 0.0394327
1788874262.076412984 0.0394432
1788874262.582988162 0.0987021
1788874263.089542045 0.138189
1788874263.595873308 0.0197499
1788874264.101937086 0.256885
1788874264.609330404 0.0197086
1788874265.115441481 0.039517
1788874265.621825812 0.0394957
1788874266.128439344 0.0197389
1788874266.635099797 0.118423
1788874267.142026238 0.0394535
1788874267.651324942 0.0785393
1788874268.159727234 0.0393389
1788874268.666283655 0.0197412
1788874269.172897623 0.0394778
1788874269.679325037 0.0987307
1788874270.185835697 0.0592288
1788874270.692499482 0.0394739
1788874271.198963461 0.0394895
1788874271.706376498 0.0394156
1788874272.212636161 0.0197527
1788874272.719243682 0.0592174
1788874273.227329545 0.0196817
1788874273.734383184 0.157774
