1788874446.396131228 0.21902
1788874446.903368433 0.177432
1788874447.411172681 0.137848
1788874447.918223003 0.0986096
1788874448.425031705 0.0394626
1788874448.932082882 0.0394438
1788874449.439256142 0.315474
1788874449.948179401 0.0392987
1788874450.455311077 0.0591562
1788874450.962540249 0.0394299
1788874451.474500360 0.35159
1788874452.053353002 0.31096
1788874452.560462199 0.0394393
1788874453.067629340 0.0985869
1788874453.574886318 0.177425
1788874454.082062822 0.0985851
1788874454.589496450 0.039414
1788874455.098946136 0.039258
1788874455.605942617 0.0788959
1788874456.112841582 0.0197278
1788874456.619480141 0.0394758
1788874457.126344937 0.0591874
1788874457.633101943 0.0986666
1788874458.139553332 0.0197452
1788874458.647833793 0.0983708
1788874459.154343887 0.0394859
1788874459.661173937 0.0197305
1788874460.168070268 0.138095
1788874460.674742321 0.11842
1788874461.191476481 0.0774093
1788874461.699485856 0.0590541
1788874462.206737162 0.0394281
1788874462.713744440 0.0197236
1788874463.220482386 0.0394681
1788874463.727091315 0.0592173
1788874464.233803966 0.0986752
1788874464.740712727 0.0394548
1788874465.248726826 0.0590535
1788874465.755299298 0.0197405
1788874466.262690791 0.059126
1788874466.772968040 0.0391944
1788874467.279945773 0.0591742
1788874467.787318345 0.0394188
1788874468.296245422 0.0392984
1788874468.803656730 0.0591237
1788874469.310813519 0.414073
1788874469.817735993 0.0394538
1788874470.324908665 0.0394343
1788874470.831995871 0.0986024
1788874471.339710164 0.0787845
1788874471.850641317 0.0587163
1788874472.357519657 0.0394572
1788874472.864702330 0.0591502
1788874473.373697512 0.0392931
1788874473.880255454 0.0394822
1788874474.387196414 0.0197262
1788874474.895742635 0.0589917
1788874475.403025701 0.0394257
1788874475.910279569 0.059142
