1788874685.649156899 0.156119
1788874686.155870064 0.177615
1788874686.662794632 0.0789071
1788874687.169858524 0.118328
1788874687.677307792 0.295596
1788874688.184816987 0.0985204
1788874688.694154019 0.0785335
1788874689.223915288 0.169888
1788874689.730995839 0.354973
1788874690.239564739 0.039326
1788874690.751485601 0.0586028
1788874691.261639219 0.137213
1788874691.769181977 0.0394055
1788874692.277991656 0.117922
1788874692.785031254 0.0394446
1788874693.294300201 0.039272
1788874693.820370543 0.190089
1788874694.380627140 0.464073
1788874694.889736690 0.0392843
1788874695.396789536 0.0394436
1788874695.903453531 0.0394739
1788874696.412184339 0.0589703
1788874696.918940638 0.0394667
1788874697.425864729 0.118361
1788874697.932715784 0.0394593
1788874698.441412759 0.0393161
1788874698.949285875 0.0393799
1788874699.517549787 0.123182
1788874700.053478496 0.0373184
1788874700.560976922 0.0788179
1788874701.068132699 0.0591534
1788874701.575253738 0.0394383
1788874702.094861452 0.0769811
1788874702.601565755 0.0394708
1788874703.108555662 0.0394485
1788874703.615380148 0.0591921
1788874704.121967946 0.177659
1788874704.628744250 0.0394652
1788874705.135227778 0.059232
1788874705.643503409 0.0590231
1788874706.151020811 0.0394075
1788874706.658185385 0.0394349
1788874707.165452958 0.039427
1788874707.673765231 0.0786918
1788874708.181024535 0.0394276
1788874708.689961088 0.0589464
1788874709.196900256 0.078905
1788874709.703786884 0.0394566
1788874710.210446808 0.0197371
1788874710.717170163 0.0789386
1788874711.224405407 0.177433
1788874711.731561457 0.0197178
1788874712.240182120 0.058983
1788874712.747319274 0.0197185
1788874713.254763300 0.0591198
1788874713.761890402 0.0394379
1788874714.269024641 0.059156
1788874714.776333431 0.0394237
1788874715.283459055 0.0394379
