1788874865.845716478 0.338294
1788874866.356721140 0.156554
1788874866.864445531 0.196957
1788874867.379899236 0.194004
1788874867.887131761 0.118289
1788874868.396922252 0.137311
1788874868.903810538 0.197282
1788874869.410677755 0.0789162
1788874869.941556884 0.207204
1788874870.452176608 0.293761
1788874870.959938991 0.0787771
1788874871.467671053 0.0984771
1788874871.977590885 0.313775
1788874872.484684905 0.0591606
1788874872.994386452 0.058858
1788874873.501419022 0.0591677
1788874874.008281520 0.0789169
1788874874.514935137 0.059212
1788874875.021929940 0.0591722
1788874875.528999697 0.0394423
1788874876.036267515 0.0591403
1788874876.580791191 0.128553
1788874877.088295591 0.0591128
1788874877.597029333 0.0393133
1788874878.103755168 0.0789381
1788874878.619021645 0.15526
1788874879.126187088 0.0394349
1788874879.633490918 0.0788482
1788874880.142203610 0.0589723
1788874880.662709382 0.0960604
1788874881.194109188 0.0940911
1788874881.700812710 0.0394708
1788874882.207823512 0.0394469
1788874882.714322426 0.0394868
1788874883.222523259 0.0590318
1788874883.729530695 0.0394471
1788874884.236116544 0.03948
1788874884.744488177 0.0393413
1788874885.251944740 0.0591183
1788874885.761074776 0.0392827
1788874886.267530928 0.0394901
1788874886.774294369 0.0591993
1788874887.280863832 0.0592219
1788874887.787387708 0.0592272
1788874888.295557886 0.0393569
1788874888.802232044 0.0394731
1788874889.308305712 0.0790398
1788874889.814449600 0.0592717
1788874890.321301852 0.0394593
1788874890.828179443 0.157829
1788874891.335184458 0.118342
1788874891.843672861 0.0196661
1788874892.350425936 0.039467
1788874892.857006404 0.0394804
1788874893.364040934 0.0591675
1788874893.871767520 0.0590869
1788874894.378721389 0.118354
1788874894.885737569 0.0591697
1788874895.394482192 0.0393125
