1788875068.696737708 0.139438
1788875069.203224093 0.0987194
1788875069.710511714 0.177414
1788875070.219646982 0.137488
1788875070.728883528 0.392744
1788875071.244073651 0.213513
1788875071.781311987 0.130296
1788875072.290010362 0.157264
1788875072.796905114 0.295919
1788875073.303187634 0.0592554
1788875073.809520495 0.0394997
1788875074.315736007 0.0592632
1788875074.822171355 0.0394917
1788875075.328950623 0.0789299
1788875075.837381305 0.0590051
1788875076.348715016 0.0977834
1788875076.855685592 0.03945
1788875077.362719257 0.0394451
1788875077.869810347 0.059161
1788875078.376832563 0.078892
1788875078.884114304 0.0788516
1788875079.393105256 0.0392934
1788875079.899868206 0.0197331
1788875080.406481534 0.0789557
1788875080.922539098 0.620087
1788875081.445065618 0.0382755
1788875081.952272213 0.0591476
1788875082.459387002 0.0394388
1788875082.966653652 0.0591405
1788875083.473716031 0.0986073
1788875083.981091706 0.0394185
1788875084.489825856 0.0393133
1788875084.996821993 0.039448
1788875085.503887204 0.059164
1788875086.010477376 0.0592195
1788875086.517139966 0.059211
1788875087.024194389 0.0788869
1788875087.532014153 0.118152
1788875088.056954575 0.0761992
1788875088.564416400 0.118235
1788875089.071811768 0.0591255
1788875089.579076365 0.0788542
1788875090.087461799 0.0393403
1788875090.594357797 0.0394558
1788875091.100522840 0.0790256
1788875091.606946049 0.118478
1788875092.113454364 0.039486
1788875092.621890567 0.0393363
1788875093.128908822 0.0591695
1788875093.637652972 0.0393125
1788875094.144887150 0.0394295
1788875094.652773986 0.0590683
1788875095.163280506 0.0391768
1788875095.670548506 0.0591403
1788875096.178322543 0.0196938
1788875096.685448487 0.0394379
1788875097.195303337 0.235361
1788875097.702135383 0.157843
1788875098.209060947 0.0394535
