1788864099.922398397 0.985104
1788864100.490335169 0.986025
1788864101.087646745 1.05473
1788864101.674510682 0.971264
1788864102.326382051 1.07383
1788864102.929020039 0.979029
1788864103.483715815 0.93745
1788864104.056293245 0.838315
1788864104.649231550 1.1131
1788864105.257997409 1.14987
1788864105.869027896 1.14561
1788864106.473661058 1.10811
1788864107.117872142 1.10212
1788864107.690234700 1.15312
1788864108.356145241 1.11126
1788864108.962519786 1.07194
1788864109.572728066 1.11437
1788864110.165940867 1.09573
1788864110.769636217 1.14296
1788864111.384747540 1.13801
1788864112.031306061 1.06719
1788864112.560658751 1.13346
1788864113.223724414 1.07078
1788864113.841571947 1.18152
1788864114.445870918 1.15837
1788864115.050177664 1.10871
1788864115.648741584 1.06923
1788864116.266647849 1.10049
1788864116.873332540 1.18678
1788864117.522738187 1.1857
1788864118.134401479 1.24251
1788864118.755053067 1.11174
1788864119.359632395 1.15783
1788864119.960739970 1.11461
1788864120.564556438 1.01024
1788864121.171292083 1.15371
1788864121.785533552 1.12334
1788864122.442942480 1.06479
1788864123.059611960 1.11891
1788864123.718784640 1.07711
1788864124.321520189 1.12819
1788864124.952698940 0.887229
1788864125.550573365 1.05373
1788864126.158872554 0.986357
1788864126.742609256 1.14778
1788864127.362661757 1.11281
1788864127.974046938 1.12859
1788864128.579644356 1.05681
1788864129.181444147 1.03024
1788864129.783482310 0.963394
1788864130.447255464 0.828597
1788864131.066857246 1.11362
1788864131.671876110 1.12393
1788864132.322639416 1.12176
1788864132.938732403 1.02257
1788864133.546848941 0.970208
1788864134.155922590 0.985102
1788864134.741060227 0.803229
1788864135.329536410 0.900631
1788864135.928902410 1.08448
1788864136.518209231 1.10299
1788864137.129461054 1.04703
1788864137.718914846 0.899137
1788864138.335445828 1.07051
1788864138.918012520 0.772443
1788864139.481833802 0.993223
1788864140.074948653 0.843007
1788864140.674495773 1.00076
1788864141.317184724 1.05805
1788864141.918360448 1.01468
1788864142.485494142 0.969788
1788864143.088541022 0.961782
1788864143.732807004 1.10203
1788864144.344602422 1.06245
1788864144.950759706 0.956848
1788864145.556536746 0.858402
1788864146.141607108 0.769139
1788864146.741481685 1.01688
1788864147.344540488 0.994928
1788864147.923625152 0.915237
1788864148.487282069 0.83384
1788864149.125247978 0.987513
1788864149.725896596 1.01557
1788864150.290040213 0.868573
1788864150.883663912 0.960204
1788864151.521540900 0.830881
1788864152.125286652 0.844726
1788864152.729564104 1.00947
1788864153.342649887 1.10914
1788864153.955161653 0.848963
1788864154.549459581 0.740369
1788864155.154895228 0.94147
1788864155.667775523 0.17548
1788864156.196566181 0.283666
1788864156.711870994 0.252278
1788864157.220466594 0.353915
1788864157.731877798 0.15643
1788864158.240852699 0.157179
1788864158.749720648 0.353726
1788864159.258163758 0.0983394
1788864159.766908521 0.137593
1788864160.277949563 0.0587037
1788864160.790668985 0.370573
1788864161.298658566 0.196854
1788864161.806925078 0.137723
1788864162.315069552 0.0590384
1788864162.825362372 0.0587898
1788864163.335281047 0.0588329
1788864163.844090894 0.0589611
1788864164.353015042 0.0785972
