1788862259.221832170 1.08105
1788862259.786869990 1.09727
1788862260.429187642 1.0898
1788862261.021484172 1.02989
1788862261.589249305 0.968711
1788862262.172711090 1.04548
1788862262.755572075 0.806367
1788862263.348138630 1.08005
1788862263.980109621 1.12347
1788862264.583192774 1.14412
1788862265.223555006 1.12436
1788862265.847511273 1.18598
1788862266.466115914 1.14774
1788862267.056198599 1.11849
1788862267.682492618 1.13365
1788862268.277540177 1.09235
1788862268.886083408 1.06813
1788862269.484992976 1.1187
1788862270.135792311 0.983407
1788862270.736982998 1.13109
1788862271.337353334 1.16595
1788862271.964656295 1.14777
1788862272.571946923 1.13619
1788862273.230803496 1.07762
1788862273.842521962 1.17701
1788862274.435855614 1.11236
1788862275.018158902 1.08191
1788862275.636565951 1.13194
1788862276.235476654 1.21888
1788862276.848450276 1.19092
1788862277.454453903 1.1221
1788862278.061802989 1.15255
1788862278.679526935 1.16557
1788862279.320179826 0.998981
1788862279.870192820 1.10906
1788862280.458549311 1.10477
1788862281.058586768 1.24992
1788862281.672522159 1.22163
1788862282.321488163 1.15568
1788862282.950641413 1.09671
1788862283.562551174 1.11127
1788862284.179532870 0.94006
1788862284.737706971 0.824116
1788862285.352283067 1.07391
1788862285.935457183 1.14889
1788862286.551588787 1.13612
1788862287.149679805 1.15367
1788862287.751077806 1.1307
1788862288.341753250 0.981927
1788862288.943864561 1.0131
1788862289.538176059 0.824484
1788862290.145207196 0.938997
1788862290.769529876 1.1052
1788862291.371644088 0.996489
1788862291.978945718 1.07031
1788862292.587784969 1.06761
1788862293.228637737 1.04548
1788862293.824488666 1.04053
1788862294.428150741 1.0105
1788862294.986475715 1.14629
1788862295.640195027 1.10139
1788862296.218110708 1.07282
1788862296.824012295 1.1388
1788862297.439478411 1.07236
1788862298.018201329 0.950368
1788862298.626095120 0.822512
1788862299.177532412 0.852319
1788862299.843452350 1.09623
1788862300.445471555 1.06309
1788862301.032279759 0.817985
1788862301.559608546 0.910248
1788862302.143516501 1.04469
1788862302.720202351 0.832342
1788862303.341336528 0.885477
1788862303.960192990 1.0988
1788862304.564144938 1.15903
1788862305.249532008 1.13804
1788862305.869686773 1.14488
1788862306.519288615 1.00061
1788862307.164560653 1.06932
1788862307.854489667 1.08707
1788862308.436990083 0.892704
1788862309.066404252 0.873829
1788862309.650457269 0.838965
1788862310.238449725 0.799331
1788862310.856935213 0.840764
1788862311.447452219 0.762044
1788862312.059193268 0.686565
1788862312.687808869 0.715859
1788862313.291493786 0.579773
1788862313.894528692 0.563815
1788862314.538493697 0.698796
1788862315.143774274 0.726935
1788862315.684796192 0.332704
1788862316.193434744 0.412866
1788862316.701519123 0.255863
1788862317.209397181 0.315036
1788862317.717397266 0.11811
1788862318.226703724 0.0589037
1788862318.744413794 0.0965792
1788862319.258645843 0.155572
1788862319.772743429 0.0778062
1788862320.287607911 0.427297
1788862320.839726624 0.0543361
1788862321.352957484 0.31175
1788862321.893453277 0.129511
1788862322.401004511 0.0591074
1788862322.908508991 0.0591128
1788862323.415764823 0.0788556
1788862323.924328866 0.0393264
1788862324.437264173 0.0974782
