1788862463.071261098 1.09304
1788862463.676196974 1.09102
1788862464.274279655 1.08681
1788862464.863987299 1.08528
1788862465.466875185 1.11132
1788862466.079856279 1.09302
1788862466.672519194 1.02925
1788862467.317398535 1.02345
1788862467.929202849 1.09512
1788862468.522504982 1.14613
1788862469.131442045 1.1167
1788862469.748529076 1.11816
1788862470.368468876 1.09688
1788862470.985437770 1.11837
1788862471.642479412 1.06538
1788862472.256545492 1.13994
1788862472.875650121 1.16297
1788862473.487839568 0.980089
1788862474.125743676 1.05031
1788862474.729405723 0.977368
1788862475.354246869 1.07227
1788862475.974760573 1.17644
1788862476.583166613 1.0848
1788862477.159129255 1.09382
1788862477.774238128 0.991694
1788862478.357172003 0.823421
1788862478.936051380 1.00194
1788862479.554701798 1.16382
1788862480.174125799 1.24309
1788862480.817988567 1.00953
1788862481.437594989 1.14589
1788862482.040216474 1.11181
1788862482.627938700 1.10597
1788862483.183893823 1.02526
1788862483.767473171 1.04527
1788862484.390671306 1.15533
1788862485.043145688 1.10349
1788862485.632608009 1.08574
1788862486.236141665 1.11013
1788862486.864296399 1.09845
1788862487.460242260 1.15782
1788862488.080474284 0.935134
1788862488.685577022 1.1403
1788862489.273698669 0.98619
1788862489.889326907 1.15329
1788862490.476307783 0.971071
1788862491.086681678 1.11407
1788862491.735868751 1.03206
1788862492.353285398 1.14995
1788862492.937149927 1.11327
1788862493.522715871 0.81972
1788862494.121475858 1.00207
1788862494.740750045 1.11421
1788862495.358371498 1.18195
1788862495.967246867 0.969
1788862496.589863287 1.10823
1788862497.225607779 1.00669
1788862497.793879385 1.07343
1788862498.430711186 0.769434
1788862499.032547348 1.0468
1788862499.619097889 1.10817
1788862500.222885642 1.15935
1788862500.786482497 0.904902
1788862501.372539144 0.938477
1788862502.038882697 1.12554
1788862502.660516930 1.14215
1788862503.246592483 1.05788
1788862503.854517978 1.03631
1788862504.442185360 1.07204
1788862505.061468623 0.871976
1788862505.654017704 1.09696
1788862506.278078207 0.913372
1788862506.918201413 0.749856
1788862507.489678474 0.874926
1788862508.074288242 0.957904
1788862508.667746591 0.893071
1788862509.254660919 1.05637
1788862509.857281183 1.06203
1788862510.470650124 1.02711
1788862511.050858019 1.10305
1788862511.651592667 0.782375
1788862512.256177483 0.810473
1788862512.881323903 0.735828
1788862513.492219630 0.883948
1788862514.070653258 0.726098
1788862514.722735613 0.858788
1788862515.258803577 0.764828
1788862515.807312979 0.401087
1788862516.320337508 0.17543
1788862516.829276037 0.196487
1788862517.339952515 0.352474
1788862517.848549741 0.0983097
1788862518.357034346 0.216329
1788862518.869008650 0.17579
1788862519.378206608 0.176749
1788862519.891629826 0.233725
1788862520.402550545 0.176152
1788862520.941813393 0.296701
1788862521.450682060 0.0589543
1788862521.959729847 0.137512
1788862522.476777386 0.096703
1788862522.985686007 0.0785995
1788862523.494259298 0.0589886
1788862524.002421463 0.0393575
