1788862672.825667894 0.947058
1788862673.437976377 0.979897
1788862673.989960888 0.942055
1788862674.582855657 0.927652
1788862675.219548842 1.00519
1788862675.786544912 1.05821
1788862676.379279179 0.877291
1788862676.967668718 1.07072
1788862677.624699032 1.17194
1788862678.261181989 1.17835
1788862678.926354371 1.2027
1788862679.550680779 1.15324
1788862680.135070532 1.18072
1788862680.749299720 1.15592
1788862681.362118314 1.12595
1788862681.975823628 1.12432
1788862682.578856211 1.02814
1788862683.220118291 1.10719
1788862683.836677874 1.13533
1788862684.466081514 1.12805
1788862685.091286485 1.13563
1788862685.677906693 1.19328
1788862686.333731948 1.06736
1788862686.938305510 1.10822
1788862687.559917331 0.933058
1788862688.173482176 0.961593
1788862688.748653908 1.1301
1788862689.373266011 1.13671
1788862689.981557851 1.13432
1788862690.592637323 1.16188
1788862691.232678035 1.1093
1788862691.838774730 1.10543
1788862692.456504997 1.01986
1788862693.031654802 0.782405
1788862693.626638486 0.958009
1788862694.260731614 1.21433
1788862694.880303555 1.22665
1788862695.532171830 1.1352
1788862696.150703208 1.05088
1788862696.757043896 1.13797
1788862697.375539505 1.09944
1788862697.970234465 0.908028
1788862698.639285942 1.01636
1788862699.253438623 1.10722
1788862699.845680067 1.16507
1788862700.456073432 0.950206
1788862701.030006029 1.11511
1788862701.658547068 1.1296
1788862702.246682461 1.05418
1788862702.872457035 0.990771
1788862703.466762332 0.874972
1788862704.069524512 1.16132
1788862704.680413206 1.09676
1788862705.321532489 1.07624
1788862705.926641580 1.10724
1788862706.540500145 1.15662
1788862707.154550811 1.15626
1788862707.767665767 1.15802
1788862708.430529987 0.965507
1788862709.047668082 1.13427
1788862709.669401375 1.15805
1788862710.277366431 0.937554
1788862710.930912444 0.93337
1788862711.539955315 1.13292
1788862712.137264384 1.05473
1788862712.726252516 0.831935
1788862713.318608967 0.759678
1788862713.880034272 1.15777
1788862714.465607931 1.04171
1788862715.082778396 1.05319
1788862715.661480692 0.846722
1788862716.239713347 1.03764
1788862716.868745048 1.19231
1788862717.489354534 1.0957
1788862718.147304899 0.805532
1788862718.754158574 0.873358
1788862719.376188761 0.755591
1788862719.983553345 0.839693
1788862720.593560156 0.75409
1788862721.232969985 0.985283
1788862721.828314716 0.823052
1788862722.425515386 0.73677
1788862722.993927195 0.932422
1788862723.582569885 0.815435
1788862724.184654871 0.963319
1788862724.826032030 1.04463
1788862725.423574561 0.87023
1788862726.029030772 0.759758
1788862726.660532606 0.918445
1788862727.245593542 0.820427
1788862727.858219628 0.897774
1788862728.454192254 0.822185
1788862729.037656818 0.617004
1788862729.545996808 0.137703
1788862730.054059519 0.275556
1788862730.562017190 0.17718
1788862731.076305137 0.349998
1788862731.585114851 0.216191
1788862732.093932940 0.137574
1788862732.628559735 0.224456
1788862733.190368926 0.177996
1788862733.726546105 0.503565
1788862734.286881312 0.249851
1788862734.795742272 0.11791
1788862735.304082283 0.177047
1788862735.812153241 0.0787292
1788862736.322561821 0.0979608
1788862736.831467885 0.0786
1788862737.339363786 0.0590672
1788862737.847706668 0.216389
1788862738.356764030 0.0982206
1788862738.871656324 0.233059
1788862739.380169467 0.0393304
1788862739.888677049 0.0589961
1788862740.396567190 0.0984465
1788862740.904131215 0.0788078
1788862741.411824066 0.137879
1788862741.923917177 0.0781108
