1788862859.323480926 0.924732
1788862859.877892267 0.974007
1788862860.458570044 0.998832
1788862861.068460465 1.00018
1788862861.659301780 0.880101
1788862862.245727526 1.10841
1788862862.827258659 1.11774
1788862863.418315924 0.896699
1788862864.020479034 0.913374
1788862864.582995259 1.1733
1788862865.232076142 1.09385
1788862865.788478270 1.18619
1788862866.437062915 1.09469
1788862867.052390891 1.1051
1788862867.663010907 1.16275
1788862868.273815400 1.06417
1788862868.881559226 1.10244
1788862869.462405584 1.11906
1788862870.047666861 1.14479
1788862870.676481779 1.1132
1788862871.275678963 1.20161
1788862871.940549266 1.15812
1788862872.580202226 1.20378
1788862873.187564336 1.15253
1788862873.783545965 1.17453
1788862874.431503170 1.00315
1788862874.983542981 0.905731
1788862875.590410905 1.15346
1788862876.236537075 1.12981
1788862876.873198845 1.1309
1788862877.473502217 1.13276
1788862878.074522499 1.09813
1788862878.719756554 1.13137
1788862879.337229084 1.00409
1788862879.927497615 1.10119
1788862880.545629790 1.11627
1788862881.141497480 1.00693
1788862881.722102938 1.17119
1788862882.338715553 1.15145
1788862882.919218966 1.1714
1788862883.533037343 1.1404
1788862884.137456953 1.14159
1788862884.721562792 0.838889
1788862885.285828078 1.08105
1788862885.876457415 0.948142
1788862886.455562721 1.07062
1788862887.059853835 1.14183
1788862887.676556157 1.1675
1788862888.322131825 1.0843
1788862888.948340050 1.03799
1788862889.574359900 0.89454
1788862890.142343281 1.03876
1788862890.758640070 1.08714
1788862891.389240343 1.06248
1788862892.026813103 1.05086
1788862892.620389899 1.07821
1788862893.218497544 1.08676
1788862893.791602686 1.16907
1788862894.485433469 0.677398
1788862895.151783743 0.870413
1788862895.742589643 1.06634
1788862896.352069888 1.05008
1788862896.941633779 1.06859
1788862897.567370312 1.00681
1788862898.146373443 1.05354
1788862898.748317228 0.930319
1788862899.361814173 0.8965
1788862899.978472902 1.0865
1788862900.628176104 0.846541
1788862901.218268578 0.864272
1788862901.793542436 0.886534
1788862902.377641547 0.975862
1788862902.961474599 0.890666
1788862903.585248644 0.753478
1788862904.254468620 0.881623
1788862904.845974790 0.912924
1788862905.455503847 1.09921
1788862906.033957927 1.1064
1788862906.589464126 1.06209
1788862907.234648668 0.914466
1788862907.826137835 1.11583
1788862908.386558024 0.981407
1788862908.966539865 1.03451
1788862909.564635602 0.969744
1788862910.177132732 1.11021
1788862910.788060999 1.06396
1788862911.378167086 0.91509
1788862911.960475010 1.01321
1788862912.537189691 0.762942
1788862913.072035890 0.673091
1788862913.646494196 0.748532
1788862914.238163901 0.591546
1788862914.785085476 0.21941
1788862915.293294672 0.177092
1788862915.826279083 0.337721
1788862916.364153593 0.241692
1788862916.877816611 0.369892
1788862917.385755828 0.098437
1788862917.893801191 0.216516
1788862918.401166381 0.315355
1788862918.908494728 0.118267
1788862919.416053488 0.137915
1788862919.926081390 0.0784271
1788862920.439765857 0.175205
1788862920.959793895 0.230757
1788862921.467814312 0.0984213
1788862921.985151842 0.309276
1788862922.585647111 0.166529
1788862923.130369351 0.238654
1788862923.638849991 0.0589993
1788862924.147165417 0.0786914
1788862924.655367591 0.177095
1788862925.163688791 0.098363
1788862925.671667751 0.0787434
1788862926.182730985 0.0391341
1788862926.696725733 0.0583663
1788862927.205053287 0.118034
1788862927.713050943 0.0787405
