1788863066.123056279 1.06314
1788863066.685192654 1.1563
1788863067.255532309 1.08707
1788863067.847666449 1.08084
1788863068.448549279 1.09838
1788863069.051172224 0.962459
1788863069.587676509 0.745568
1788863070.179076670 1.03145
1788863070.836770296 1.06432
1788863071.439025363 1.06267
1788863072.056715720 1.13325
1788863072.664426253 1.15186
1788863073.287556117 1.13941
1788863073.953752685 1.09577
1788863074.573895553 1.11265
1788863075.185604129 1.14433
1788863075.825598952 0.984383
1788863076.465244657 1.10999
1788863077.053783328 1.12142
1788863077.678972486 1.13566
1788863078.277602977 1.13593
1788863078.933635362 1.05178
1788863079.558131544 1.16894
1788863080.180597936 1.22095
1788863080.817372624 1.11499
1788863081.377604357 1.05314
1788863081.972134110 1.12694
1788863082.553603952 1.22104
1788863083.188348181 1.22884
1788863083.837824018 1.17017
1788863084.454124438 1.13581
1788863085.078195652 1.13769
1788863085.718165485 1.04692
1788863086.333663581 1.1048
1788863086.932815710 1.10156
1788863087.541987257 1.16552
1788863088.170436286 1.16159
1788863088.786193781 1.08809
1788863089.429339286 1.0573
1788863090.038550271 1.03412
1788863090.560648823 1.13005
1788863091.225208071 0.782474
1788863091.856476296 0.966309
1788863092.471947769 1.12109
1788863093.064894571 1.11308
1788863093.654702619 1.00033
1788863094.240601596 1.17768
1788863094.854678233 1.09107
1788863095.471567306 1.11852
1788863096.092169622 1.11182
1788863096.728502499 1.02148
1788863097.346322714 1.19776
1788863097.953756144 1.15239
1788863098.563252334 1.05005
1788863099.168105561 1.12424
1788863099.758752991 1.01584
1788863100.365259719 1.02225
1788863100.956476254 0.930284
1788863101.542633867 0.938314
1788863102.136524072 1.11132
1788863102.758274618 1.12585
1788863103.358561951 0.966204
1788863103.948541168 0.932237
1788863104.531039920 0.978542
1788863105.121435102 0.813015
1788863105.668110289 0.91462
1788863106.325860718 0.973014
1788863106.895503511 0.983072
1788863107.478201647 0.720785
1788863108.088174078 0.852498
1788863108.732656892 1.07063
1788863109.338303418 1.10626
1788863109.926567689 1.17294
1788863110.555655064 1.14452
1788863111.186675231 1.12516
1788863111.836829003 0.999763
1788863112.428351571 0.811465
1788863113.028385053 0.883283
1788863113.587317296 1.12715
1788863114.237645356 0.861104
1788863114.838314168 0.948942
1788863115.438516082 1.04965
1788863116.054527326 1.02271
1788863116.670553478 0.892819
1788863117.284597269 0.749132
1788863117.887217924 0.730144
1788863118.530359154 0.761886
1788863119.127558998 0.602813
1788863119.738553570 0.458269
1788863120.355300133 0.518851
1788863120.955668210 0.566319
1788863121.493334304 0.446374
1788863122.001889440 0.137645
1788863122.517805752 0.445809
1788863123.079454304 0.676579
1788863123.588407432 0.137537
1788863124.097066288 0.176936
1788863124.605524755 0.157338
1788863125.116124208 0.117509
1788863125.626563988 0.156728
1788863126.135191238 0.117965
1788863126.644003760 0.0589608
1788863127.153523576 0.314021
1788863127.668413372 0.0776865
1788863128.177047825 0.157284
1788863128.685478233 0.0590052
1788863129.194124440 0.17694
1788863129.702197574 0.118093
1788863130.210491788 0.314778
1788863130.719835949 0.0392662
1788863131.228448075 0.0589841
1788863131.737740001 0.0392702
1788863132.246177589 0.118008
1788863132.755056939 0.0589531
1788863133.264017981 0.196479
1788863133.774890473 0.0391487
1788863134.283342360 0.137673
1788863134.791827684 0.0786651
1788863135.335601037 0.33102
1788863135.933346073 0.384779
1788863136.441676615 0.0590167
1788863136.950588362 0.0589493
1788863137.459268354 0.0393174
1788863137.970154061 0.0391477
1788863138.478831765 0.0786352
1788863138.987433976 0.0196617
