1788863313.677564869 1.04656
1788863314.258591082 0.92939
1788863314.857590542 0.951588
1788863315.441243485 0.908074
1788863316.034195730 0.961292
1788863316.620252890 1.00673
1788863317.221950706 0.947319
1788863317.783246585 1.10459
1788863318.438239043 1.12978
1788863319.066641723 1.17759
1788863319.686543296 1.29053
1788863320.338698530 1.15003
1788863320.964965549 1.1337
1788863321.574203778 1.13256
1788863322.187739684 1.15723
1788863322.788215273 1.11578
1788863323.428723914 1.04604
1788863324.053185019 1.02488
1788863324.636690899 1.01113
1788863325.218119529 1.06634
1788863325.842171728 1.1217
1788863326.441604676 1.10104
1788863327.039498392 1.0537
1788863327.662497409 1.13965
1788863328.290868051 0.970764
1788863328.927711185 0.879338
1788863329.517924519 1.03353
1788863330.074394420 1.20402
1788863330.689501679 1.04047
1788863331.279904344 1.11788
1788863331.953122274 1.12891
1788863332.577767757 1.20068
1788863333.179593399 1.14651
1788863333.766995614 1.03847
1788863334.351341504 1.16369
1788863334.988210372 1.19334
1788863335.629502015 1.09155
1788863336.244412373 1.18717
1788863336.842509427 1.17038
1788863337.457519377 1.04063
1788863338.071598343 1.17249
1788863338.687984821 0.892298
1788863339.318113694 0.872837
1788863339.928336124 1.13074
1788863340.532732442 0.992727
1788863341.135283191 0.995766
1788863341.722140301 0.800877
1788863342.324342744 0.896709
1788863342.882481764 1.16458
1788863343.484654464 0.913359
1788863344.084400570 0.85036
1788863344.661737412 1.00461
1788863345.264991273 1.07749
1788863345.842850949 1.05562
1788863346.454196861 1.1123
1788863347.064866840 1.14628
1788863347.677527301 1.1752
1788863348.269487634 0.996689
1788863348.852638569 0.891707
1788863349.465523757 1.09319
1788863350.069609597 1.09256
1788863350.678922224 1.01754
1788863351.258342621 1.10455
1788863351.863134918 1.09128
1788863352.454689524 1.1157
1788863353.064979015 1.13061
1788863353.688573878 0.849911
1788863354.289276790 0.898947
1788863354.931237088 1.12157
1788863355.488422474 1.20247
1788863356.132312709 0.993959
1788863356.736713252 1.07545
1788863357.336232813 0.950761
1788863357.941638532 0.99107
1788863358.528197646 0.920624
1788863359.131642603 0.97772
1788863359.717624946 1.02392
1788863360.322292109 1.10805
1788863360.877689041 1.00829
1788863361.468672624 0.87989
1788863362.066557613 1.02026
1788863362.671666404 0.826297
1788863363.281183294 1.03361
1788863363.945532450 0.857983
1788863364.534705243 0.814701
1788863365.161181075 0.861964
1788863365.772601539 0.768701
1788863366.378558762 0.924158
1788863367.032832186 0.840628
1788863367.642516393 0.836499
1788863368.226153951 1.07944
1788863368.848567793 1.14072
1788863369.471522254 0.850784
1788863369.979723887 0.236127
1788863370.488206910 0.176997
1788863370.999865575 0.175898
1788863371.507638674 0.216632
1788863372.014946101 0.295679
1788863372.528370972 0.389541
1788863373.054881402 0.170937
1788863373.563229040 0.275402
1788863374.071437249 0.0983849
1788863374.580201193 0.235866
1788863375.093411907 0.136396
1788863375.613487206 0.173052
1788863376.123441958 0.117657
1788863376.637947082 0.174925
1788863377.156594279 0.0578428
1788863377.665224747 0.157285
1788863378.173566243 0.0590154
1788863378.682691475 0.0785662
1788863379.192722848 0.0392133
1788863379.703516895 0.0587321
1788863380.212060441 0.039328
1788863380.720672712 0.0589841
