1788863519.118785280 1.09437
1788863519.640238071 1.15063
1788863520.260903372 1.04726
1788863520.864525619 1.02713
1788863521.450631663 0.887212
1788863522.083094790 0.980294
1788863522.664478331 1.08362
1788863523.244489665 0.999981
1788863523.840481318 1.1074
1788863524.425787648 1.11053
1788863524.988512188 1.13732
1788863525.567832957 1.10474
1788863526.172499425 1.07497
1788863526.764644298 1.04704
1788863527.375324088 1.14626
1788863528.018350412 1.0886
1788863528.636866139 1.16408
1788863529.255494294 1.03455
1788863529.831470800 1.07643
1788863530.427804040 1.10676
1788863531.038522378 1.12982
1788863531.642767330 1.17502
1788863532.264776338 1.17362
1788863532.882569219 1.13307
1788863533.524187406 1.09099
1788863534.124383574 0.999673
1788863534.680714860 0.98862
1788863535.283639579 1.21076
1788863535.935543182 1.10446
1788863536.543734954 0.953646
1788863537.141631573 1.03697
1788863537.726451832 1.00886
1788863538.331444463 1.22315
1788863538.952489417 1.25595
1788863539.554279171 1.09673
1788863540.140558096 1.12574
1788863540.763337000 1.09188
1788863541.346941239 1.06236
1788863541.969489177 1.12441
1788863542.548476305 1.15719
1788863543.155481010 1.16968
1788863543.790209763 0.945285
1788863544.366999116 0.780181
1788863544.947604538 0.930063
1788863545.532946909 0.956706
1788863546.130647813 1.07077
1788863546.663752904 1.03169
1788863547.277002326 1.05993
1788863547.886299602 1.00115
1788863548.475561574 1.05216
1788863549.073188568 0.953772
1788863549.672625028 0.93421
1788863550.284175125 0.981114
1788863550.882742863 1.13604
1788863551.458319032 1.1293
1788863552.060492056 1.14585
1788863552.667380805 1.13695
1788863553.278431400 1.1292
1788863553.893626072 1.1216
1788863554.528564817 0.850475
1788863555.124476363 0.956517
1788863555.687746416 0.976441
1788863556.262754582 0.991291
1788863556.889468465 1.13289
1788863557.485537465 1.10725
1788863558.118263867 1.0115
1788863558.728328667 0.999893
1788863559.332719812 0.843825
1788863559.942067130 0.951839
1788863560.558077262 0.92531
1788863561.166541560 0.854611
1788863561.778061347 0.85034
1788863562.425277382 1.08156
1788863563.018597679 0.994404
1788863563.594491082 0.850853
1788863564.181901718 1.00441
1788863564.775499104 0.892862
1788863565.358570544 0.943281
1788863565.943869504 1.05929
1788863566.480929499 0.819275
1788863567.057225177 0.798201
1788863567.657270835 0.799939
1788863568.242132626 0.803608
1788863568.834920032 0.759126
1788863569.438241937 0.87847
1788863570.060935179 0.770845
1788863570.671521315 0.99904
1788863571.325786821 1.14632
1788863571.935851639 0.86876
1788863572.465197621 0.245586
1788863572.982675795 0.17392
1788863573.492643989 0.294136
1788863574.000293011 0.118192
1788863574.523676126 0.210171
1788863575.032106854 0.452372
1788863575.540556563 0.196676
1788863576.049196684 0.0983014
1788863576.568025671 0.154193
1788863577.133644610 0.601111
1788863577.641727967 0.0590455
1788863578.149659793 0.196877
1788863578.696468903 0.128015
1788863579.238596010 0.129121
1788863579.747030540 0.0393364
1788863580.260601487 0.447845
1788863580.769376886 0.0982753
1788863581.278372226 0.0196466
1788863581.786792613 0.177019
1788863582.295756819 0.0589433
1788863582.804100521 0.0393434
1788863583.313650181 0.157001
1788863583.824912436 0.0586783
1788863584.334276523 0.117794
1788863584.842932678 0.0393193
1788863585.352116916 0.0392785
1788863585.864171491 0.0585875
1788863586.372537966 0.0196709
