1788863703.829065180 1.02347
1788863704.438303752 1.0669
1788863705.054641556 1.07084
1788863705.635801208 0.929176
1788863706.189562016 1.01127
1788863706.765645371 0.902648
1788863707.346996886 0.980473
1788863707.940150489 1.1127
1788863708.538735182 1.01907
1788863709.140505311 1.06353
1788863709.748353326 1.1516
1788863710.354489123 1.12186
1788863710.965729584 1.07977
1788863711.574954195 1.09976
1788863712.183335823 1.13416
1788863712.794459728 1.12907
1788863713.447714910 1.07156
1788863714.036976248 0.984282
1788863714.624299539 1.10672
1788863715.228420458 1.29113
1788863715.875624913 1.12793
1788863716.487671598 1.07835
1788863717.124509722 1.08348
1788863717.757638251 1.10562
1788863718.366665130 1.06728
1788863718.945940280 0.811359
1788863719.535977132 0.966041
1788863720.168389487 1.20175
1788863720.785513999 1.1505
1788863721.365556761 1.15509
1788863721.982010404 1.13553
1788863722.624521177 1.08948
1788863723.258466886 1.18307
1788863723.872928753 1.12293
1788863724.448865668 1.04178
1788863725.039229734 1.16877
1788863725.654212308 1.13824
1788863726.280270082 1.11811
1788863726.924128884 1.10273
1788863727.550335676 1.05396
1788863728.156429067 1.08894
1788863728.766788118 1.04856
1788863729.342532916 0.903178
1788863729.943390965 1.09843
1788863730.574335187 1.28379
1788863731.236646009 1.1324
1788863731.851388100 1.12242
1788863732.441508425 1.08453
1788863733.036508708 1.10924
1788863733.586663229 0.94519
1788863734.179827254 1.01152
1788863734.762548870 1.08113
1788863735.342014075 1.10447
1788863735.963678457 1.09384
1788863736.541474463 1.00381
1788863737.121611119 1.12043
1788863737.719468470 1.1374
1788863738.290679228 1.10292
1788863738.929483548 0.860984
1788863739.488144805 0.894997
1788863740.095522024 1.07018
1788863740.733477307 1.06591
1788863741.322822186 0.984143
1788863741.856835780 1.08611
1788863742.441998157 1.1108
1788863743.060635791 1.16385
1788863743.664506889 0.92735
1788863744.249154036 0.752591
1788863744.882051029 1.10603
1788863745.528399438 1.06754
1788863746.135157651 1.00534
1788863746.785317036 1.0459
1788863747.429560564 0.791626
1788863748.038515827 1.0674
1788863748.640058530 1.03068
1788863749.252724153 0.881394
1788863749.847518775 0.907876
1788863750.460666986 0.880701
1788863751.121361860 0.892999
1788863751.731814773 0.868208
1788863752.331575625 0.783645
1788863752.864661478 1.05049
1788863753.522978485 1.06332
1788863754.128319514 0.991177
1788863754.750594337 0.964204
1788863755.338553009 1.10552
1788863755.962171993 0.978161
1788863756.638084119 0.961664
1788863757.232446847 0.975835
1788863757.824128086 0.84505
1788863758.428539670 0.843795
1788863759.055497200 0.845353
1788863759.648532086 0.944295
1788863760.231258010 0.823715
1788863760.825801581 0.925079
1788863761.382160097 1.02452
1788863762.021113543 1.00164
1788863762.581931967 0.713244
1788863763.220530946 0.65769
1788863763.795294368 0.730736
1788863764.327958199 0.488113
1788863764.897513138 0.561842
1788863765.417653956 0.461413
1788863765.926218098 0.196632
1788863766.437429128 0.13693
1788863766.946124162 0.196581
1788863767.454740183 0.235934
1788863767.963342848 0.176955
1788863768.471976859 0.117963
1788863768.980629504 0.0786391
1788863769.491199612 0.215445
1788863770.004758308 0.116832
1788863770.513386516 0.157286
1788863771.021680007 0.0983683
1788863771.530299413 0.0786443
1788863772.040651289 0.0979716
1788863772.549244273 0.0983104
1788863773.057604938 0.0393421
1788863773.566399298 0.0786173
