1788863911.649952283 0.872195
1788863912.186597132 1.09942
1788863912.817883733 1.06132
1788863913.374528226 1.04196
1788863913.982201546 1.02029
1788863914.569630495 1.07247
1788863915.157773717 0.969152
1788863915.744882329 1.02196
1788863916.348369881 1.01079
1788863916.958595834 0.983242
1788863917.581433425 1.156
1788863918.225736255 1.10197
1788863918.849608506 1.20217
1788863919.466523349 1.15089
1788863920.084476056 1.1975
1788863920.670866539 1.15964
1788863921.281660411 1.14605
1788863921.884026753 0.796858
1788863922.467207426 1.04599
1788863923.084497838 1.11779
1788863923.739476840 1.09927
1788863924.339026308 1.13419
1788863924.966155377 1.14809
1788863925.573533267 1.15249
1788863926.192064314 1.06704
1788863926.821697084 1.12764
1788863927.429055624 1.15253
1788863928.046515199 1.18226
1788863928.653658209 1.18588
1788863929.256518211 1.14454
1788863929.860763753 1.10882
1788863930.527540198 1.1998
1788863931.130184184 1.19474
1788863931.724484422 0.824499
1788863932.282192173 1.03997
1788863932.895484728 1.14138
1788863933.539567095 0.96261
1788863934.168100494 1.14552
1788863934.780573378 1.14291
1788863935.371468734 1.0831
1788863935.982720564 1.14519
1788863936.629630907 0.942944
1788863937.245138168 1.02355
1788863937.838403532 1.11249
1788863938.443005470 1.12471
1788863939.045373807 1.07907
1788863939.646258635 0.798822
1788863940.232431997 1.14301
1788863940.834467160 0.980009
1788863941.442396117 0.888262
1788863942.044297899 0.764244
1788863942.662749533 1.24504
1788863943.272282708 1.19764
1788863943.918224833 0.97532
1788863944.471567398 0.993959
1788863945.144527649 0.980742
1788863945.738338226 1.06094
1788863946.371539522 1.05812
1788863946.962728033 0.761179
1788863947.557558449 0.958255
1788863948.163420440 1.07285
1788863948.766513143 1.01145
1788863949.384591911 0.938391
1788863949.958513032 1.11514
1788863950.571838884 1.0598
1788863951.154194501 1.06464
1788863951.766566517 1.02879
1788863952.378442904 0.996934
1788863952.962644706 0.872986
1788863953.581182473 0.921528
1788863954.217809177 0.816805
1788863954.788337001 1.0166
1788863955.371657233 1.06288
1788863955.982533386 0.998566
1788863956.580075465 1.138
1788863957.231799604 1.05873
1788863957.838170670 1.03897
1788863958.430643655 0.894556
1788863959.037110207 0.840936
1788863959.653953202 0.92406
1788863960.236664997 1.06399
1788863960.845470196 1.05124
1788863961.464999621 1.12989
1788863962.053687037 1.12114
1788863962.646453709 0.978462
1788863963.284444813 0.940452
1788863963.888369253 0.861034
1788863964.527875996 0.938223
1788863965.141558494 0.831048
1788863965.749556063 0.953951
1788863966.364550101 1.15448
1788863966.973006098 1.06828
1788863967.588490151 0.828616
1788863968.182742433 0.55532
1788863968.722055791 0.593347
1788863969.290335885 0.369536
1788863969.825227541 0.467384
1788863970.436247760 0.425518
1788863970.944839421 0.294932
1788863971.453270791 0.255689
1788863971.962107484 0.275137
1788863972.481654571 0.404198
1788863973.038130751 0.395345
1788863973.550782480 0.117038
1788863974.059145009 0.255723
1788863974.579203139 0.0961431
1788863975.109003358 0.0566251
1788863975.622333270 0.155845
1788863976.130979434 0.0589801
1788863976.644664698 0.116803
1788863977.223084258 0.242039
1788863977.732103537 0.0982282
1788863978.257762536 0.0951187
1788863978.767965984 0.0784
1788863979.276317170 0.0393429
1788863979.785095296 0.0393099
1788863980.293668254 0.0983143
