1788869645.649891839 0.312003
1788869646.239433653 0.152661
1788869646.748428945 0.196466
1788869647.255735798 0.0394239
1788869647.763122323 0.0394177
1788869648.271038068 0.0590649
1788869648.778182055 0.0394365
1788869649.292536928 0.174976
1788869649.802154583 0.117735
1788869650.308905415 0.0394671
1788869650.822600298 0.759205
1788869651.332873088 0.450739
1788869651.840033903 0.0591528
1788869652.348781915 0.0393122
1788869652.855751944 0.0394501
1788869653.363175090 0.0394148
1788869653.870915602 0.0393902
1788869654.381515639 0.0391696
1788869654.888588985 0.0788841
1788869655.397642638 0.157154
1788869655.904512384 0.0394578
1788869656.411089483 0.217144
1788869656.922719995 0.117272
1788869657.445855638 0.0573465
1788869657.953105888 0.0394283
1788869658.460095273 0.0394486
1788869658.967271069 0.039434
1788869659.474788480 0.0394075
1788869659.982522360 0.0393907
1788869660.489653921 0.0394375
1788869660.998889673 0.0392745
1788869661.506080407 0.0591493
1788869662.013096815 0.0591697
1788869662.530799303 0.0772644
1788869663.037725514 0.0591802
1788869663.546658766 0.0589469
1788869664.053773262 0.0197194
1788869664.560977232 0.0591478
1788869665.067834591 0.0789177
1788869665.575202723 0.0394191
1788869666.082539087 0.0394216
1788869666.590068661 0.0591099
1788869667.099987548 0.0588329
1788869667.606313190 0.0395002
1788869668.112683673 0.11849
1788869668.619047208 0.0394974
1788869669.126236297 0.039433
1788869669.635224886 0.0785872
1788869670.144113418 0.0982534
1788869670.659936799 0.0387729
1788869671.166397918 0.0592346
1788869671.673263230 0.0394582
1788869672.180912410 0.059096
1788869672.688002483 0.0394407
1788869673.196180417 0.0393563
1788869673.702313203 0.0395153
1788869674.208830648 0.0394853
1788869674.715389833 0.0987052
1788869675.224643118 0.0392731
