1788854872.920497915 0.782582
1788854873.483268474 1.03061
1788854874.068912244 0.887911
1788854874.681127735 1.02905
1788854875.331913259 0.891231
1788854875.891406333 1.19751
1788854876.529876947 1.00239
1788854877.122005337 0.928853
1788854877.676462078 1.02803
1788854878.326760597 1.01492
1788854878.949649718 1.17196
1788854879.566603361 1.15082
1788854880.173144791 1.22003
1788854880.784031809 1.17861
1788854881.443329926 1.12241
1788854882.055456265 1.09455
1788854882.679470023 1.02562
1788854883.251970449 0.908297
1788854883.844225022 0.996194
1788854884.449884071 1.15577
1788854885.058462104 1.10093
1788854885.680458558 1.10933
1788854886.319674845 1.0638
1788854886.928886284 1.14903
1788854887.538801861 1.08212
1788854888.150556835 1.11156
1788854888.771537512 1.15946
1788854889.384812510 1.1088
1788854890.077899060 1.08212
1788854890.688458432 1.17925
1788854891.345265058 1.17234
1788854891.951528952 1.07214
1788854892.538030845 1.02301
1788854893.137907001 0.933526
1788854893.731950311 1.01003
1788854894.346896553 1.10579
1788854894.958245504 1.12865
1788854895.560044879 1.14656
1788854896.178954465 1.11486
1788854896.796557771 1.19818
1788854897.439570621 1.18194
1788854897.958307247 1.15666
1788854898.575626605 1.06914
1788854899.174860672 1.10141
1788854899.774769053 1.06683
1788854900.386477089 0.850079
1788854901.030188954 0.932094
1788854901.662009568 1.09208
1788854902.283496746 1.14242
1788854902.922313179 1.04882
1788854903.527686885 0.842454
1788854904.088443282 0.998652
1788854904.721408830 1.07431
1788854905.333769535 1.06147
1788854905.946175078 0.947084
1788854906.548644685 1.11209
1788854907.159550883 0.965779
1788854907.760531761 0.898531
1788854908.289233538 1.02137
1788854908.935287851 1.12993
1788854909.545536206 1.08153
1788854910.157507780 0.833371
1788854910.759034689 0.997461
1788854911.343008421 1.09594
1788854911.946986850 1.04308
1788854912.538489754 1.01437
1788854913.143651063 1.14019
1788854913.777309492 1.07313
1788854914.369529440 1.04691
1788854914.975673795 1.03936
1788854915.588702718 0.929809
1788854916.183023907 0.99273
1788854916.832197040 0.908849
1788854917.419038779 0.903139
1788854918.040012085 0.934018
1788854918.666462314 0.877963
1788854919.335219468 1.07662
1788854919.958454629 1.17131
1788854920.589290089 1.03038
1788854921.232091402 1.02676
1788854921.836239003 1.05934
1788854922.453241133 0.842785
1788854923.082795890 0.857749
1788854923.741146787 0.956936
1788854924.363703216 0.803141
1788854924.951971765 0.968944
1788854925.547207274 0.957603
1788854926.158752936 1.11194
1788854926.769636750 0.982183
1788854927.359204978 0.797194
1788854927.977894838 0.888975
1788854928.486485464 0.707838
1788854929.032634034 0.750711
1788854929.588415658 0.611751
1788854930.127679552 0.649033
1788854930.730709759 0.696483
1788854931.327884514 0.318165
1788854931.885783807 0.197168
1788854932.423262049 0.520952
1788854933.039189374 0.844256
1788854933.556109389 0.773814
1788854934.064817997 0.235892
1788854934.573312587 0.275322
1788854935.082433152 0.2357
1788854935.592432016 0.117647
1788854936.103475733 0.508762
1788854936.623037668 0.153976
1788854937.132460298 0.17667
1788854937.696600112 0.124083
1788854938.222638646 0.304161
1788854938.821863386 0.150194
1788854939.330508212 0.11796
1788854939.839636933 0.0785656
1788854940.352066421 0.0390298
