1788854146.063649061 1.0606
1788854146.671006093 0.75738
1788854147.250056657 1.05345
1788854147.865911601 1.10416
1788854148.464994180 1.13507
1788854149.119568560 1.11523
1788854149.737551661 1.13272
1788854150.331665037 1.09407
1788854150.924690462 1.11294
1788854151.481961089 1.22023
1788854152.134455857 1.13411
1788854152.741348812 1.13694
1788854153.356678683 1.1701
1788854153.972281468 1.1371
1788854154.618751888 1.14468
1788854155.233399613 1.15513
1788854155.848399336 1.08943
1788854156.434594681 1.04061
1788854157.020634453 1.10914
1788854157.645485515 1.13627
1788854158.254526856 1.14935
1788854158.869494275 1.13827
1788854159.471658057 1.14587
1788854160.066397587 1.0761
1788854160.648494813 0.962039
1788854161.252220973 1.07665
1788854161.851667135 1.13438
1788854162.476374306 1.16855
1788854163.092587685 1.13597
1788854163.735715054 1.19728
1788854164.360657380 1.18411
1788854164.962818823 1.16248
1788854165.586277779 1.07465
1788854166.182251695 0.838963
1788854166.759537506 0.900767
1788854167.353669128 1.14453
1788854167.969682008 1.13634
1788854168.577425622 1.05307
1788854169.178378366 1.1149
1788854169.818290278 1.01576
1788854170.421575433 0.977979
1788854171.027878307 0.87415
1788854171.622186333 0.858141
1788854172.241966152 1.06489
1788854172.855577136 1.15708
1788854173.468588754 0.995087
1788854174.089411423 1.15975
1788854174.730336705 1.06097
1788854175.335359749 1.19004
1788854175.924356150 1.03566
1788854176.545812620 0.949383
1788854177.148154831 1.16213
1788854177.752260922 1.05942
1788854178.368213944 1.07151
1788854178.957368772 1.0863
1788854179.536595656 1.05313
1788854180.164480316 0.923736
1788854180.742678110 1.055
1788854181.335704928 0.775681
1788854181.945592510 0.983789
1788854182.550271744 1.12456
1788854183.159473970 1.13263
1788854183.769415653 0.9837
1788854184.347175920 1.07311
1788854184.968082311 1.1918
1788854185.582531927 1.05786
1788854186.177339657 0.907856
1788854186.837015321 1.09144
1788854187.451603074 1.09016
1788854188.048517299 1.00517
1788854188.681504368 0.821502
1788854189.284100242 0.879528
1788854189.918180940 0.93048
1788854190.544538072 0.973885
1788854191.160565165 1.03892
1788854191.785661492 0.895862
1788854192.387824828 1.06284
1788854192.985549528 0.936886
1788854193.594670526 0.804438
1788854194.218234187 0.705621
1788854194.834234301 0.762987
1788854195.432525238 0.835714
1788854195.963565165 0.790901
1788854196.556624604 0.961117
1788854197.151612298 1.00842
1788854197.746569103 0.756357
1788854198.342669315 0.989767
1788854198.937648833 0.655484
1788854199.446081568 0.295024
1788854199.954309868 0.216438
1788854200.463004001 0.137607
1788854200.974884846 0.273501
1788854201.484454841 0.0981219
1788854202.025577382 0.221761
1788854202.534692286 0.333913
1788854203.043220824 0.0786584
1788854203.551900893 0.117952
1788854204.060734373 0.314445
1788854204.569453424 0.176915
1788854205.081394399 0.0586005
1788854205.589902860 0.0393307
1788854206.098326263 0.0786746
