1788854340.628536933 0.911441
1788854341.185445866 1.13124
1788854341.765386587 0.948372
1788854342.357873139 1.11395
1788854342.964935442 1.02131
1788854343.575495763 1.04822
1788854344.153510508 0.847729
1788854344.736398975 0.89211
1788854345.321856889 1.04192
1788854345.928262578 1.03891
1788854346.544486357 1.11972
1788854347.151937547 1.13589
1788854347.768902294 1.13459
1788854348.369776590 1.08176
1788854348.950488452 1.08488
1788854349.561475682 1.12932
1788854350.177486081 1.07141
1788854350.827181175 1.06204
1788854351.430150835 1.1775
1788854352.051517138 1.14264
1788854352.682975543 1.15605
1788854353.287131833 1.12554
1788854353.892557254 1.15621
1788854354.584066360 1.05566
1788854355.122592972 1.00274
1788854355.662895104 0.943917
1788854356.256017992 1.01159
1788854356.860506649 1.158
1788854357.476691452 1.16848
1788854358.132489135 1.17414
1788854358.745831517 1.02716
1788854359.358924423 1.04389
1788854359.970454195 1.12832
1788854360.576401779 0.858161
1788854361.161489782 1.09385
1788854361.784681270 1.17139
1788854362.424916745 1.06211
1788854363.027317855 1.16202
1788854363.660483827 1.15294
1788854364.262147187 1.0471
1788854364.872870737 1.11343
1788854365.474982023 0.963278
1788854366.066928847 1.09807
1788854366.727744282 1.13496
1788854367.348558278 1.11144
1788854367.954438142 1.17185
1788854368.581484773 1.0685
1788854369.167208213 1.12681
1788854369.818894751 1.04345
1788854370.332469682 0.954096
1788854370.923194553 0.761776
1788854371.479643644 1.15015
1788854372.085502555 1.17189
1788854372.724843117 1.07924
1788854373.344539065 1.03276
1788854373.950847524 1.12154
1788854374.567718362 1.13476
1788854375.188128854 0.999338
1788854375.787320770 0.78439
1788854376.430723647 0.85483
1788854377.034687930 0.943765
1788854377.591039963 1.07845
1788854378.223115098 1.15493
1788854378.834742887 1.20989
1788854379.474981778 1.20268
1788854380.088967683 1.1238
1788854380.754322225 1.03704
1788854381.457681349 1.02366
1788854382.069398956 0.850066
1788854382.681810884 0.783786
1788854383.335682267 0.856438
1788854383.941817574 0.808401
1788854384.562541408 0.902172
1788854385.168540785 0.726074
1788854385.758480153 0.796693
1788854386.361596871 0.895349
1788854386.956484520 0.756445
1788854387.538562757 1.08233
1788854388.158866320 1.19296
1788854388.781524308 1.07603
1788854389.364486805 0.943458
1788854389.975482795 0.769236
1788854390.565498273 0.77964
1788854391.166330551 0.898754
1788854391.680564662 0.97232
1788854392.277056063 0.821471
1788854392.920413698 0.90152
1788854393.486222035 0.848344
1788854394.058284887 0.262209
1788854394.566782854 0.235989
1788854395.075362727 0.196626
1788854395.583909961 0.294958
1788854396.092535573 0.137626
1788854396.604641808 0.214799
1788854397.112742801 0.137768
1788854397.622868955 0.470472
1788854398.131545687 0.17693
1788854398.640441021 0.0982521
1788854399.152545510 0.0976362
1788854399.660994027 0.118006
