1788854459.883536020 1.03851
1788854460.492539118 1.18226
1788854461.126772053 1.05639
1788854461.671651171 1.06446
1788854462.247552827 1.04184
1788854462.848435112 0.998532
1788854463.432328657 1.02758
1788854464.024466388 0.928838
1788854464.594118097 1.1586
1788854465.232343290 1.11246
1788854465.858547035 1.16575
1788854466.485932383 1.05199
1788854467.137511287 1.08966
1788854467.765488839 1.09876
1788854468.372482364 1.15323
1788854468.995555439 1.10741
1788854469.623668627 1.01892
1788854470.182356006 1.12764
1788854470.759628362 1.09134
1788854471.380651016 1.11107
1788854471.983564748 1.09468
1788854472.589260686 1.13919
1788854473.225748230 1.09979
1788854473.831379068 1.13931
1788854474.461534417 1.17431
1788854475.070823022 1.14888
1788854475.654984909 0.992875
1788854476.258505754 1.09358
1788854476.871743043 1.15779
1788854477.484509977 1.07708
1788854478.062899380 1.10652
1788854478.724537366 1.07309
1788854479.327381598 1.12799
1788854479.941611730 1.02567
1788854480.546513713 1.10762
1788854481.169090724 1.15648
1788854481.817794771 1.09449
1788854482.426627644 1.14974
1788854483.039511720 1.12582
1788854483.647587412 1.11828
1788854484.266632794 1.13077
1788854484.876198759 1.00071
1788854485.459304244 0.788879
1788854486.074940778 1.16952
1788854486.726345158 1.19741
1788854487.323440332 1.1556
1788854487.929451023 1.1716
1788854488.542546519 1.17437
1788854489.154730063 1.11078
1788854489.733664193 1.01911
1788854490.341875870 0.756315
1788854490.927475238 0.956286
1788854491.530078222 0.846328
1788854492.124611959 0.958734
1788854492.718194468 1.06135
1788854493.269648999 0.997362
1788854493.855444703 1.12667
1788854494.445812684 1.10101
1788854495.047023661 0.798389
1788854495.645946134 1.08528
1788854496.263827932 1.08435
1788854496.871666996 1.13517
1788854497.456644860 0.940206
1788854498.060649078 1.14238
1788854498.683500960 1.12386
1788854499.267543996 1.04444
1788854499.865531493 0.802693
1788854500.458366058 0.775933
1788854501.066980508 1.068
1788854501.675030530 1.16767
1788854502.327258194 0.96592
1788854502.925457595 0.768975
1788854503.520704388 1.12558
1788854504.086621946 1.16625
1788854504.738799883 1.04266
1788854505.371507302 0.96411
1788854505.945451617 0.975705
1788854506.485601682 0.796075
1788854507.136312132 0.998907
1788854507.745189623 0.985421
1788854508.380645168 0.86552
1788854509.019190115 0.955297
1788854509.574543422 1.06239
1788854510.164646818 0.965933
1788854510.784649758 0.903221
1788854511.428444560 1.0873
1788854512.056761989 1.16183
1788854512.668267197 1.11201
1788854513.288540188 1.08017
1788854513.881440203 0.995109
1788854514.471566963 0.898112
1788854515.070631264 0.80125
1788854515.666515233 0.872653
1788854516.253567719 0.783576
1788854516.821633358 0.827369
1788854517.378854189 0.825525
1788854517.970528279 0.963368
1788854518.570403009 1.18358
1788854519.262222254 0.939552
1788854519.868059648 1.10591
1788854520.472516002 0.661752
1788854521.067900238 0.638244
1788854521.583527656 0.543028
1788854522.130899753 0.548073
1788854522.639686386 0.373437
1788854523.155907256 0.658633
1788854523.664907350 0.21611
1788854524.173779718 0.334072
1788854524.699718371 0.247177
1788854525.289149857 0.271448
1788854525.811953891 0.32517
1788854526.322825678 0.156595
1788854526.836432462 0.233642
1788854527.349182860 0.0975134
1788854527.858025674 0.117915
1788854528.370658526 0.507185
1788854528.879596667 0.117893
1788854529.388848231 0.0981832
1788854529.898917173 0.098026
