1788841085.989805477 1.56069
1788841086.617348743 1.35449
1788841087.220225884 1.47625
1788841087.833220463 1.50083
1788841088.432650461 1.46806
1788841089.026120798 1.46595
1788841089.645250345 1.48596
1788841090.245079799 1.48376
1788841090.839522864 1.48038
1788841091.437543480 1.4548
1788841091.994314077 1.54462
1788841092.622273681 1.44914
1788841093.227575540 1.47034
1788841093.847785886 1.49949
1788841094.446090796 1.47082
1788841095.059506230 1.5324
1788841095.686521842 1.41942
1788841096.238018642 1.41433
1788841096.854519450 1.44363
1788841097.450414758 1.47677
1788841098.030404091 1.4483
1788841098.582111396 1.52255
1788841099.155126380 1.44848
1788841099.674506495 1.52104
1788841100.268903663 1.44684
1788841100.850136019 1.44521
1788841101.440102883 1.47466
1788841102.049160454 1.44485
1788841102.645031832 1.47683
1788841103.243587958 1.52033
1788841103.843570417 1.45004
1788841104.422567758 1.46806
1788841104.981488580 1.52079
1788841105.572333742 1.48939
1788841106.154677355 1.44245
1788841106.741387880 1.4658
1788841107.353310048 1.47078
1788841107.973026154 1.51682
1788841108.566273317 1.44965
1788841109.147310904 1.4629
1788841109.756462942 1.49388
1788841110.344557713 1.42834
1788841110.930795300 1.27935
1788841111.445062030 1.05004
1788841111.961233338 1.45301
1788841112.545865610 1.38549
1788841113.054307480 1.33742
1788841113.627538501 1.36071
1788841114.149042719 1.38062
1788841114.741552849 1.48521
1788841115.354393287 1.3054
1788841115.874081362 1.19302
1788841116.386429649 1.44433
1788841116.966541051 1.49971
1788841117.574564599 1.4802
1788841118.095956294 1.4001
1788841118.638230828 1.41995
1788841119.168778737 1.48903
1788841119.730313613 1.35343
1788841120.247057688 1.4901
1788841120.877966617 1.45821
1788841121.474467119 1.44174
1788841121.983468183 0.884085
1788841122.491460158 0.807099
1788841122.999937983 0.747328
1788841123.517071573 0.966869
1788841124.025768616 0.353845
1788841124.534513461 0.491405
1788841125.043275922 0.452078
1788841125.566648768 0.554098
1788841126.074986323 0.29508
1788841126.583127496 0.295194
1788841127.091381623 0.118051
1788841127.600034072 0.216258
1788841128.108890623 0.137563
1788841128.617453573 0.117979
1788841129.126023478 0.117978
