1788842024.041630236 1.46748
1788842024.558218950 1.52926
1788842025.153401981 1.51214
1788842025.758551031 1.43766
1788842026.336044386 1.19482
1788842026.850994629 1.45645
1788842027.447166154 1.45931
1788842028.038212613 1.48889
1788842028.636256347 1.47146
1788842029.232109205 1.46009
1788842029.827437320 1.46138
1788842030.376221431 1.53066
1788842030.962915683 1.46584
1788842031.551155602 1.47899
1788842032.149890939 1.45306
1788842032.766217266 1.52517
1788842033.356788424 1.42235
1788842033.964507695 1.36576
1788842034.481398085 1.45098
1788842035.088872655 1.44862
1788842035.722603779 1.45172
1788842036.333426726 1.45705
1788842036.918915612 1.4347
1788842037.471810639 1.55545
1788842038.059507222 1.46334
1788842038.664780320 1.45389
1788842039.246007342 1.47963
1788842039.848895522 1.42647
1788842040.436866649 1.46266
1788842040.996658789 1.50056
1788842041.576048927 1.46706
1788842042.167644009 1.4706
1788842042.759062775 1.48795
1788842043.348936066 1.47489
1788842043.932533281 1.45648
1788842044.534920629 1.09564
1788842045.055007698 1.48052
1788842045.629227030 1.44544
1788842046.164459192 1.49468
1788842046.768712792 1.43979
1788842047.366849205 1.48796
1788842047.948402043 1.4616
1788842048.549497815 1.49726
1788842049.078205022 1.19159
1788842049.631262469 1.46459
1788842050.226692196 1.42754
1788842050.789379705 1.5817
1788842051.378435736 1.45996
1788842051.968739483 1.47382
1788842052.578363631 1.47632
1788842053.179604584 1.43037
1788842053.691238088 1.30953
1788842054.225640809 1.42215
1788842054.770602323 1.33955
1788842055.351029896 1.27492
1788842055.901498894 1.41697
1788842056.729513918 1.08694
1788842057.248749679 1.40591
1788842057.842938541 1.22857
1788842058.355521836 1.56072
1788842058.954652773 1.50218
1788842059.627848638 1.4706
1788842060.247696159 1.4681
1788842060.858026044 1.45823
1788842061.475117329 1.264
1788842061.989666770 1.55476
1788842062.567522500 1.43634
1788842063.152537954 1.47005
1788842063.736897744 1.40324
1788842064.244825724 1.10252
1788842064.753656318 0.962992
1788842065.273717093 0.596084
1788842065.783657568 0.490254
1788842066.292350108 0.609405
1788842066.800402694 0.452709
1788842067.309095099 0.530772
1788842067.818830029 0.137326
1788842068.327656629 0.176877
1788842068.837472206 0.392299
1788842069.345858454 0.216371
1788842069.856332168 0.254665
1788842070.367821168 0.195508
1788842070.877894960 0.07842
1788842071.386698901 0.0786157
1788842071.895956171 0.117819
