1788842130.426115887 1.51542
1788842130.986551157 1.53452
1788842131.588382139 1.4622
1788842132.174533819 1.36483
1788842132.760959094 1.50062
1788842133.366448739 1.42034
1788842133.972858088 1.50063
1788842134.581055160 1.49623
1788842135.171922421 1.43856
1788842135.747320102 1.45986
1788842136.323185139 1.45868
1788842136.929576110 1.4677
1788842137.529670103 1.49977
1788842138.120217573 1.43934
1788842138.683993054 1.54317
1788842139.287135947 1.50876
1788842139.886778998 1.43419
1788842140.472396853 1.48561
1788842141.057821540 1.50318
1788842141.678810801 1.4654
1788842142.262884706 1.47242
1788842142.848522382 1.46848
1788842143.472666248 1.47402
1788842144.076715869 1.47339
1788842144.655193844 1.46937
1788842145.246645200 1.43714
1788842145.852482566 1.45254
1788842146.445600716 1.48368
1788842147.040249687 1.49668
1788842147.618081364 1.48832
1788842148.229599707 1.47175
1788842148.818371245 1.47765
1788842149.427899114 1.47655
1788842149.984228340 1.54585
1788842150.632285924 1.28075
1788842151.240825859 1.46252
1788842151.827767244 1.46522
1788842152.430966969 1.49204
1788842153.022631613 1.47043
1788842153.579662448 1.508
1788842154.183493212 1.49048
1788842154.785399446 1.49525
1788842155.372577505 1.07293
1788842155.888246019 1.08597
1788842156.428870972 1.38728
1788842157.036531428 1.46463
1788842157.635467976 1.48597
1788842158.170268914 1.49588
1788842158.738782551 1.35441
1788842159.288356717 1.29191
1788842159.824626595 1.4172
1788842160.392269754 1.33887
1788842160.921326296 1.47432
1788842161.436240241 1.28177
1788842162.023370500 1.46475
1788842162.576535681 1.59085
1788842163.190511082 1.46586
1788842163.830577940 1.42173
1788842164.435560577 1.47112
1788842164.987203712 1.43209
1788842165.571497939 1.43763
1788842166.085504438 1.51749
1788842166.721506854 1.38364
1788842167.346392931 1.32824
1788842167.854762222 0.963867
1788842168.363205011 0.983394
1788842168.871559412 0.826196
1788842169.379833309 0.413163
1788842169.888856581 0.766174
1788842170.401302709 1.17086
1788842170.909254645 0.374051
1788842171.417529277 0.275441
1788842171.928263406 0.528651
1788842172.437685508 0.490752
1788842172.950627262 0.194954
1788842173.460883358 0.156784
1788842173.969330214 0.314684
1788842174.477749625 0.118013
1788842174.986454608 0.137604
1788842175.495228669 0.0982755
