1788841180.024327996 1.51814
1788841180.639862375 1.47839
1788841181.234760686 1.46244
1788841181.834667917 1.46689
1788841182.418631472 1.30145
1788841182.938237198 1.53963
1788841183.531450457 1.44973
1788841184.133794648 1.49416
1788841184.725062006 1.36994
1788841185.327328662 1.51096
1788841185.931909752 1.47209
1788841186.553246682 1.44849
1788841187.130681863 1.47203
1788841187.733496004 1.47641
1788841188.333864450 1.46577
1788841188.918313843 1.47147
1788841189.534655302 1.5089
1788841190.163550115 1.44698
1788841190.788399092 1.50436
1788841191.390135843 1.46243
1788841192.025305848 1.44843
1788841192.643066587 1.47306
1788841193.231508536 1.46149
1788841193.770482659 1.50286
1788841194.371007483 1.48204
1788841194.961773026 1.42189
1788841195.524592746 1.31481
1788841196.124222490 1.48425
1788841196.732442172 1.46329
1788841197.340676600 1.46325
1788841197.930644304 1.44076
1788841198.484081634 1.55393
1788841199.062552580 1.4521
1788841199.657731997 1.44494
1788841200.234180655 1.0582
1788841200.748888454 1.41828
1788841201.328514870 1.48372
1788841201.947716628 1.46963
1788841202.558876851 1.45625
1788841203.140040517 1.47979
1788841203.762512417 1.49404
1788841204.358501963 1.49332
1788841204.949820802 1.08233
1788841205.458334001 1.04225
1788841205.971894024 1.44092
1788841206.580990927 1.49401
1788841207.217606904 1.39802
1788841207.824140425 1.45087
1788841208.338352801 1.53633
1788841208.879595409 1.12704
1788841209.423831340 1.3597
1788841209.942061359 1.54372
1788841210.546558885 1.4723
1788841211.155155936 1.23234
1788841211.668849776 1.46001
1788841212.281638916 1.45238
1788841212.843958051 1.45825
1788841213.455920323 1.438
1788841214.030563135 1.46178
1788841214.541122134 1.33187
1788841215.054501508 1.51935
1788841215.663379742 1.31389
1788841216.172422256 1.33584
1788841216.685594895 1.67585
1788841217.338367256 1.42469
1788841217.872409768 1.17968
1788841218.382430312 1.098
1788841218.895230738 0.99454
1788841219.402968298 1.06354
1788841219.911068314 0.51171
1788841220.419456796 0.31472
1788841220.929237221 0.37271
1788841221.447442275 0.559624
1788841221.956646463 0.274939
1788841222.465287556 0.747089
1788841222.973562854 0.31479
1788841223.482654709 0.176785
1788841223.996895479 0.0777845
1788841224.505646484 0.29484
1788841225.013654947 0.177163
1788841225.527309040 0.155747
1788841226.036722276 0.0981522
1788841226.551429961 0.213713
1788841227.061277406 0.117682
1788841227.570283243 0.137523
1788841228.080288984 0.117646
