1788841292.939539315 1.57632
1788841293.542440888 1.45961
1788841294.134514461 1.4863
1788841294.755592925 1.4974
1788841295.352561142 1.47412
1788841295.947832332 1.46152
1788841296.540379961 1.45136
1788841297.132094554 1.4534
1788841297.723842967 1.48712
1788841298.323539798 1.48408
1788841298.941508353 1.50493
1788841299.548178288 1.46702
1788841300.145548506 1.48986
1788841300.761279525 1.47792
1788841301.367543348 1.46801
1788841301.948099994 1.48134
1788841302.539015163 1.50614
1788841303.144841530 1.45256
1788841303.730518662 1.34887
1788841304.279291536 1.53069
1788841304.876542677 1.52365
1788841305.488834122 1.46989
1788841306.132470542 1.44492
1788841306.685476647 1.41047
1788841307.261846643 1.47475
1788841307.846285271 1.43728
1788841308.386983282 1.44258
1788841308.982659804 1.44374
1788841309.562584274 1.48295
1788841310.142733650 1.4479
1788841310.723566205 1.48063
1788841311.287287871 1.50784
1788841311.874480686 1.4646
1788841312.476427471 1.46192
1788841313.118164442 1.46477
1788841313.739705651 1.4641
1788841314.334416965 1.47971
1788841314.873913942 1.5014
1788841315.457470026 1.47372
1788841316.040531294 1.47497
1788841316.629076707 1.44424
1788841317.221918413 1.48438
1788841317.879738801 1.24654
1788841318.523538349 1.44455
1788841319.130228054 1.49994
1788841319.756408597 1.45325
1788841320.348281002 1.48681
1788841320.942753361 1.46348
1788841321.574060675 1.50481
1788841322.165395947 1.47125
1788841322.756889078 1.18345
1788841323.277224966 1.21076
1788841323.858109620 1.46328
1788841324.478946736 1.49798
1788841325.076813929 1.37154
1788841325.629598472 1.44722
1788841326.223603853 1.27945
1788841326.737013499 1.42187
1788841327.253275485 1.27842
1788841327.761561502 1.5149
1788841328.284527310 1.54886
1788841328.840420892 1.43912
1788841329.428511044 1.53038
1788841330.032464740 1.45706
1788841330.619735745 1.39629
1788841331.141270114 1.53394
1788841331.759475617 1.50435
1788841332.345339473 1.45085
1788841332.955092266 1.42681
1788841333.470601600 1.39668
1788841334.022609913 1.46737
1788841334.586489043 1.48968
1788841335.125239898 1.33642
1788841335.633432136 0.767426
1788841336.141822805 0.727786
1788841336.652572868 0.254528
1788841337.160569164 0.826778
1788841337.668475758 0.905678
1788841338.176267105 0.37417
1788841338.684101096 0.315064
1788841339.192117115 0.35432
1788841339.701703111 0.137366
1788841340.209076865 0.433605
1788841340.716416760 0.177396
1788841341.226548624 0.0980138
1788841341.734701898 0.0983956
1788841342.243005198 0.137713
