1788841387.068446684 1.60127
1788841387.660501000 1.46946
1788841388.233524663 1.44846
1788841388.768062588 1.55274
1788841389.361831828 1.44837
1788841389.949641348 1.48007
1788841390.541519459 1.4699
1788841391.141514002 1.46668
1788841391.729557678 1.46248
1788841392.338330603 1.51124
1788841392.945404189 1.44958
1788841393.526718871 1.49661
1788841394.123593766 1.47435
1788841394.685260854 1.53116
1788841395.350704886 1.44265
1788841395.944547523 1.46503
1788841396.540108648 1.4776
1788841397.161450870 1.44848
1788841397.761586728 1.49966
1788841398.340690671 1.45052
1788841398.923481797 1.4585
1788841399.479419851 1.54694
1788841400.078080422 1.43654
1788841400.668906203 1.48944
1788841401.254058543 1.4697
1788841401.842130366 1.46241
1788841402.446773517 1.27348
1788841402.959685279 1.50123
1788841403.547943423 1.46194
1788841404.140650610 1.50159
1788841404.737869326 1.45675
1788841405.333420500 1.44404
1788841405.849719992 1.53012
1788841406.456760072 1.43318
1788841407.075334138 1.53579
1788841407.677505834 1.22888
1788841408.321287761 1.46012
1788841408.884221721 1.50995
1788841409.528510525 1.42793
1788841410.134648045 1.48481
1788841410.747420107 1.45242
1788841411.339781098 1.50246
1788841411.926762761 1.41401
1788841412.452126995 1.37048
1788841412.963562419 1.58378
1788841413.561631259 1.52156
1788841414.240598602 1.42864
1788841414.846679904 1.48495
1788841415.443419569 1.45792
1788841416.023676678 1.36147
1788841416.564495625 1.49773
1788841417.142661050 1.45287
1788841417.748128135 1.46994
1788841418.371487481 1.50796
1788841418.994965854 1.49163
1788841419.621541229 1.03739
1788841420.138256246 0.851533
1788841420.646839966 0.432574
1788841421.155474135 0.452192
1788841421.664783093 0.746109
1788841422.182283754 0.502414
1788841422.692371121 0.313672
1788841423.202941387 0.313375
1788841423.710813917 0.590699
1788841424.218685762 0.1969
1788841424.728573102 0.274571
1788841425.237103710 0.0983224
1788841425.746086396 0.235764
1788841426.258390792 0.0975981
1788841426.767092886 0.216237
1788841427.276080378 0.216116
1788841427.788153698 0.156228
1788841428.296173952 0.27558
1788841428.803665901 0.118228
1788841429.311277987 0.0394002
1788841429.819589488 0.039346
