1788841480.484844435 1.58879
1788841481.088546554 1.4908
1788841481.684213871 1.47734
1788841482.322515772 1.42566
1788841482.873439111 1.47026
1788841483.460473036 1.46499
1788841484.052138592 1.47042
1788841484.635222763 1.45777
1788841485.228566187 1.49998
1788841485.821472294 1.45048
1788841486.394502209 1.5357
1788841486.979285783 1.38513
1788841487.592873336 1.46678
1788841488.180482885 1.48057
1788841488.730390539 1.41842
1788841489.283677967 1.55434
1788841489.864472307 1.48073
1788841490.464599685 1.41637
1788841491.037754112 1.44813
1788841491.650911542 1.51674
1788841492.256652617 1.48578
1788841492.854866791 1.45433
1788841493.445020266 1.47419
1788841494.043185052 1.47117
1788841494.639052318 1.47684
1788841495.244589541 1.46977
1788841495.841665450 1.4906
1788841496.427718341 1.38213
1788841496.946051484 1.54341
1788841497.542635295 1.4583
1788841498.133743058 1.50565
1788841498.725850722 1.46933
1788841499.291595986 1.52012
1788841499.871931102 1.46467
1788841500.464795229 1.39998
1788841501.063739476 1.43586
1788841501.671954470 1.49618
1788841502.251380126 1.44971
1788841502.836309189 1.47026
1788841503.424530076 1.47904
1788841503.988635191 1.54227
1788841504.568768086 1.46518
1788841505.168494117 1.30059
1788841505.725238688 1.05973
1788841506.334549528 1.44425
1788841506.938413686 1.29168
1788841507.449309334 1.27227
1788841507.961585739 1.44453
1788841508.581573835 1.51616
1788841509.183657771 1.31211
1788841509.692061711 1.43587
1788841510.222510221 1.4893
1788841510.819158522 1.49167
1788841511.371070779 1.46763
1788841511.951164738 1.24118
1788841512.459467378 1.3968
1788841512.973774690 1.5166
1788841513.625909698 1.44142
1788841514.235309894 1.41122
1788841514.743924378 1.12069
1788841515.264377573 1.15284
1788841515.772691577 0.629532
1788841516.281185982 0.589977
1788841516.789716269 0.275303
1788841517.299531755 0.745368
1788841517.807351147 0.610454
1788841518.315635289 0.708265
1788841518.824082174 0.17701
1788841519.332951068 0.373377
1788841519.848832968 0.348917
1788841520.358755367 0.176498
1788841520.868649069 0.196119
1788841521.385679986 0.135388
1788841521.894542561 0.137562
1788841522.402548776 0.177163
1788841522.910774394 0.137734
1788841523.422138616 0.0977777
1788841523.932143817 0.058823
