1788841575.824937944 1.47489
1788841576.423328805 1.40376
1788841576.990081632 1.53506
1788841577.629203977 1.42383
1788841578.218401700 1.42567
1788841578.736058519 1.50679
1788841579.325705605 1.49242
1788841579.926642378 1.48102
1788841580.522935658 1.34162
1788841581.120684016 1.45546
1788841581.723888490 1.45888
1788841582.336679921 1.48501
1788841582.891979832 1.49469
1788841583.523609918 1.45655
1788841584.128319989 1.43871
1788841584.718506508 1.49105
1788841585.272087672 1.51739
1788841585.882405987 1.45826
1788841586.523108140 1.31106
1788841587.081907546 1.52112
1788841587.659878530 1.48796
1788841588.269470371 1.50921
1788841588.880908138 1.45559
1788841589.475326817 1.44679
1788841590.066945772 1.48744
1788841590.654705787 1.44617
1788841591.244664007 1.44078
1788841591.841360661 1.45803
1788841592.435685287 1.46385
1788841592.988069720 1.55689
1788841593.625471908 1.41198
1788841594.172838753 1.49808
1788841594.764649237 1.47007
1788841595.379122376 1.48094
1788841595.941718309 1.17313
1788841596.464631966 1.24303
1788841597.125771412 1.39154
1788841597.751640163 1.50191
1788841598.364564528 1.46837
1788841598.966683895 1.51133
1788841599.562571828 1.46001
1788841600.149845471 1.48142
1788841600.744528573 1.46296
1788841601.348222131 1.35831
1788841601.893259084 1.33936
1788841602.422105876 1.38036
1788841602.932219279 1.31343
1788841603.444610325 1.38566
1788841603.995519861 1.45214
1788841604.575724829 1.465
1788841605.124593413 1.47576
1788841605.733873251 1.39509
1788841606.250611143 1.54817
1788841606.862357969 1.42216
1788841607.392472744 1.45252
1788841607.963968919 1.36484
1788841608.523675135 1.50079
1788841609.046451612 1.20511
1788841609.556969109 1.1361
1788841610.064680208 0.689369
1788841610.574090962 0.628176
1788841611.082536402 0.491694
1788841611.591005353 0.393338
1788841612.099456761 0.472022
1788841612.607772780 0.295092
1788841613.116094343 0.590177
1788841613.624688991 0.373578
1788841614.133051940 0.6098
1788841614.641893904 0.23583
1788841615.153444168 0.136839
1788841615.662606842 0.235681
1788841616.174079787 0.0977569
1788841616.682789789 0.275206
1788841617.191532413 0.393126
1788841617.699958178 0.236023
1788841618.209213162 0.0785461
1788841618.719992503 0.137046
1788841619.230127744 0.215629
1788841619.738463139 0.0786883
1788841620.247836874 0.235583
1788841620.756530018 0.157266
1788841621.265705476 0.274954
1788841621.775336786 0.0784882
1788841622.283485598 0.0983963
1788841622.791767670 0.0590224
