1788841694.049910730 1.53549
1788841694.638851078 1.47723
1788841695.233309838 1.48034
1788841695.795501141 1.52973
1788841696.390878811 1.44446
1788841696.988636776 1.43871
1788841697.582671536 1.48139
1788841698.188363126 1.4694
1788841698.792769901 1.50561
1788841699.384424414 1.43665
1788841699.970242041 1.45096
1788841700.544186744 1.46355
1788841701.123992826 1.48325
1788841701.743998462 1.48386
1788841702.339865231 1.47684
1788841702.928137510 1.44491
1788841703.525222541 1.47383
1788841704.136826408 1.45519
1788841704.684478084 1.55208
1788841705.322543179 1.44186
1788841705.890459464 1.47909
1788841706.469802983 1.44992
1788841707.121982857 1.44132
1788841707.724554801 1.46041
1788841708.280604450 1.54662
1788841708.870349183 1.4413
1788841709.470533178 1.36625
1788841710.063524796 1.484
1788841710.649259608 1.45117
1788841711.243677183 1.46362
1788841711.846703523 1.45931
1788841712.430519347 1.45594
1788841713.019238199 1.51176
1788841713.641463529 1.44642
1788841714.157641523 1.14302
1788841714.746457687 1.34168
1788841715.352743102 1.45146
1788841715.943422298 1.48981
1788841716.549468627 1.38603
1788841717.123605402 1.48048
1788841717.723874181 1.46601
1788841718.274692466 1.56131
1788841718.894462344 1.48442
1788841719.546249548 1.35013
1788841720.186560244 1.46804
1788841720.777316575 1.55733
1788841721.357984185 1.17107
1788841721.871562259 1.53823
1788841722.466416608 1.42892
1788841723.046498412 1.44807
1788841723.643551436 1.49065
1788841724.243788204 1.48275
1788841724.930800043 1.36824
1788841725.549861562 1.46997
1788841726.218515242 1.39086
1788841726.793315196 1.54836
1788841727.481656120 1.35107
1788841728.046950333 1.09677
1788841728.555975854 1.10014
1788841729.064413428 0.511371
1788841729.573251269 0.45201
1788841730.082752012 0.588811
1788841730.591460071 0.530756
1788841731.099650364 0.728074
1788841731.608011508 0.649145
1788841732.116002871 0.275595
1788841732.638807486 0.688593
1788841733.147341776 0.45228
1788841733.656829047 0.510317
1788841734.166845057 0.0784289
1788841734.677923029 0.136965
1788841735.186785851 0.275123
1788841735.695827325 0.0785791
1788841736.204660443 0.255487
1788841736.713029981 0.236049
1788841737.223555051 0.25464
1788841737.733816934 0.0979889
1788841738.242457760 0.0983012
1788841738.751011173 0.393273
1788841739.259931161 0.0785978
1788841739.769645293 0.137332
1788841740.287071965 0.0773056
