1788841785.156310252 1.58135
1788841785.745515258 1.47657
1788841786.338335145 1.45069
1788841786.933844249 1.46094
1788841787.470936291 1.50812
1788841788.060473090 1.50966
1788841788.669443495 1.46148
1788841789.248481243 1.46795
1788841789.833607408 1.48686
1788841790.430376628 1.40758
1788841790.983204805 1.51946
1788841791.570428558 1.46452
1788841792.147537556 1.47286
1788841792.730781097 1.45737
1788841793.317475967 1.46584
1788841793.930450816 1.50088
1788841794.522033898 1.45373
1788841795.085503969 1.50851
1788841795.657590319 1.45083
1788841796.245555284 1.46267
1788841796.850560244 1.48759
1788841797.467329678 1.50786
1788841798.082936422 1.47822
1788841798.660507106 1.43705
1788841799.242522933 1.44326
1788841799.818280250 1.45895
1788841800.391068879 1.57126
1788841800.982815555 1.43642
1788841801.579210044 1.442
1788841802.178288262 1.46892
1788841802.754645389 1.47478
1788841803.332245966 1.43698
1788841803.925361014 1.46683
1788841804.486465696 1.53269
1788841805.083560244 1.23933
1788841805.685200372 1.16349
1788841806.292471969 1.51497
1788841806.934134528 1.41819
1788841807.550421046 1.47658
1788841808.149174925 1.46972
1788841808.741237517 1.46944
1788841809.331508778 1.4739
1788841809.892688601 1.47903
1788841810.438931120 1.48286
1788841811.052581857 1.38515
1788841811.656558359 1.47357
1788841812.268010042 1.42284
1788841812.867878946 1.33362
1788841813.381669542 1.40135
1788841813.944443141 1.45707
1788841814.573304213 1.47886
1788841815.164654917 1.48812
1788841815.760457004 1.42665
1788841816.269282583 1.2971
1788841816.831816324 1.5288
1788841817.417742518 1.48483
1788841817.990638003 1.48369
1788841818.540834601 1.03599
1788841819.048764153 0.826886
1788841819.557054958 1.08206
1788841820.068033289 0.763242
1788841820.586301543 0.578851
1788841821.094810349 0.629291
1788841821.602832499 0.157473
1788841822.110902132 0.216506
1788841822.619292958 0.668777
1788841823.129661064 0.607405
1788841823.638287798 0.216269
1788841824.147380078 0.1375
1788841824.656404685 0.25539
1788841825.164788497 0.118021
1788841825.677888586 0.136426
1788841826.186394249 0.255651
1788841826.694936437 0.196641
1788841827.203146100 0.137739
1788841827.711777580 0.0983029
1788841828.220205357 0.314695
1788841828.730442606 0.0783949
1788841829.238679357 0.0590276
1788841829.747019187 0.0983594
