1788841921.423675146 1.4956
1788841922.032772025 1.46118
1788841922.635397965 1.49346
1788841923.224823644 1.34029
1788841923.744603301 1.4814
1788841924.348585381 1.49011
1788841924.922320526 1.42923
1788841925.526651662 1.4727
1788841926.126233353 1.43433
1788841926.726432598 1.43286
1788841927.282223271 1.54734
1788841927.918794406 1.44524
1788841928.528367299 1.49285
1788841929.142741171 1.43235
1788841929.752012313 1.49359
1788841930.334271895 1.45983
1788841930.887752373 1.55381
1788841931.527626705 1.35964
1788841932.050430967 1.51108
1788841932.648765936 1.45403
1788841933.227133028 1.50424
1788841933.824731726 1.42236
1788841934.388112156 1.54425
1788841935.033518402 1.47194
1788841935.630361236 1.44091
1788841936.187652568 1.50729
1788841936.829104676 1.29394
1788841937.356685804 1.47845
1788841937.950190809 1.44902
1788841938.539203365 1.47705
1788841939.142322937 1.47566
1788841939.726022358 1.45623
1788841940.253943334 1.55326
1788841940.880924299 1.46735
1788841941.536599047 1.37263
1788841942.065634383 1.32316
1788841942.683549551 1.50506
1788841943.234415226 1.41595
1788841943.823367912 1.44324
1788841944.388371237 1.55751
1788841944.975299260 1.46526
1788841945.575222708 1.45019
1788841946.192327378 1.31258
1788841946.841274329 1.4485
1788841947.453655402 1.43701
1788841947.994516995 1.23876
1788841948.524576341 1.37721
1788841949.064125153 1.51979
1788841949.654383969 1.27063
1788841950.162901740 1.45521
1788841950.676370433 1.53855
1788841951.269855387 1.46592
1788841951.831173406 1.44303
1788841952.438519059 1.49832
1788841952.975689124 1.41482
1788841953.523563859 1.35067
1788841954.065678032 1.54949
1788841954.649885896 1.47208
1788841955.266743732 1.47522
1788841955.835235011 1.05543
1788841956.351939858 0.716076
1788841956.861891492 0.980484
1788841957.370112902 0.865765
1788841957.878362593 0.688637
1788841958.389888899 0.254142
1788841958.897693490 0.649857
1788841959.406314320 0.275254
1788841959.914947806 0.37355
1788841960.425258264 0.391919
1788841960.935314531 0.156846
1788841961.444907391 0.196235
1788841961.956242657 0.136897
1788841962.465153405 0.098249
1788841962.974590027 0.274813
1788841963.488953504 0.194415
1788841963.997411286 0.29501
1788841964.506369523 0.314368
1788841965.016935785 0.0979305
1788841965.525986252 0.117867
1788841966.035394990 0.157045
1788841966.545560532 0.509638
1788841967.054430893 0.0589542
1788841967.563527128 0.0785706
1788841968.071804635 0.314789
1788841968.579749213 0.0393743
1788841969.087920238 0.236141
1788841969.596237672 0.0983638
1788841970.104809400 0.0786516
1788841970.612315727 0.334971
1788841971.121695490 0.0785268
1788841971.634439775 0.13652
1788841972.143566113 0.0982075
