1788858685.050571255 1.07431
1788858685.651874417 0.947941
1788858686.226594162 1.07879
1788858686.859434795 1.09032
1788858687.460527535 0.948273
1788858688.070750110 0.983247
1788858688.652897335 1.09938
1788858689.262748082 1.06583
1788858689.884144296 1.15868
1788858690.533834014 1.06204
1788858691.153725999 1.16149
1788858691.771516923 1.18163
1788858692.386823210 1.13765
1788858692.981451552 1.10994
1788858693.568383423 1.14153
1788858694.175781697 1.15246
1788858694.818826795 1.02637
1788858695.439795872 1.03065
1788858695.960372593 1.0181
1788858696.567454509 1.16953
1788858697.183120487 1.12074
1788858697.787720431 1.12471
1788858698.394342586 1.13745
1788858699.048648656 1.05455
1788858699.666480351 1.01969
1788858700.253569062 0.919792
1788858700.865985455 1.14301
1788858701.483668777 1.00375
1788858702.118825383 1.00762
1788858702.736191179 1.16624
1788858703.370315775 1.1985
1788858703.945524152 0.990946
1788858704.556398866 1.08042
1788858705.134061079 0.882869
1788858705.684362940 1.03579
1788858706.263543961 1.08774
1788858706.850636202 1.00495
1788858707.466424432 1.12052
1788858708.070497515 1.17535
1788858708.684854863 1.15568
1788858709.324731470 1.04708
1788858709.935864330 0.883605
1788858710.485542530 0.836854
1788858711.084025892 1.16962
1788858711.683681711 0.917193
1788858712.288221375 1.09174
1788858712.920938844 1.09053
1788858713.486487448 1.22005
1788858714.139670694 1.01044
1788858714.766725635 1.14822
1788858715.363413988 0.754162
1788858715.948034513 0.957887
1788858716.568395355 1.01554
1788858717.170030967 1.06377
1788858717.759814991 1.00037
1788858718.354136055 1.14416
1788858718.972430982 1.11597
1788858719.557342369 1.07709
1788858720.147470974 0.728654
1788858720.742288348 0.739723
1788858721.353317728 1.11288
1788858721.956369337 0.92861
1788858722.575366803 0.920845
1788858723.236501707 1.24029
1788858723.862676878 1.08596
1788858724.477565071 0.959524
1788858725.073451329 1.0069
1788858725.672256617 0.851696
1788858726.280137473 0.954134
1788858726.866582846 0.869647
1788858727.468440456 0.897222
1788858728.053341175 0.94033
1788858728.670421593 0.972321
1788858729.282375303 0.980466
1788858729.943162715 1.08961
1788858730.542493574 1.06786
1788858731.128448539 0.853308
1788858731.736800266 0.887644
1788858732.336254327 0.884138
1788858732.963153552 0.765674
1788858733.574512958 0.719708
1788858734.232652474 0.774912
1788858734.859208254 0.702252
1788858735.447590948 0.730816
1788858736.055685147 0.838686
1788858736.640980991 1.12763
1788858737.289497100 0.84809
1788858737.855859908 0.176565
1788858738.369669429 0.23355
1788858738.880593638 0.332731
1788858739.392904168 0.195194
1788858739.905497157 0.409682
1788858740.449506812 0.496314
1788858740.957907402 0.137687
1788858741.466525049 0.196611
1788858741.975445078 0.0589484
1788858742.493797438 0.212211
1788858743.056217860 0.160023
1788858743.566551833 0.058785
1788858744.077969381 0.0782141
1788858744.588976440 0.117415
1788858745.096856264 0.0984485
1788858745.604381503 0.0591104
1788858746.112074757 0.118182
