1788855174.328611828 0.915929
1788855174.955489559 0.829507
1788855175.549652388 1.06032
1788855176.165591863 1.00659
1788855176.750451483 0.9062
1788855177.353084008 1.02882
1788855177.974221315 0.917672
1788855178.553268626 0.967106
1788855179.133854795 1.08511
1788855179.729553504 1.07437
1788855180.348403436 1.13113
1788855180.962402130 1.12378
1788855181.578191000 1.10427
1788855182.219665421 1.09124
1788855182.839049182 1.16245
1788855183.455546702 1.18411
1788855184.074877412 1.08181
1788855184.655969867 1.03254
1788855185.260063244 1.17532
1788855185.861824346 1.13002
1788855186.468607083 0.93938
1788855187.126400532 1.12497
1788855187.731382280 1.124
1788855188.354069687 1.14022
1788855188.962590797 1.15033
1788855189.562346395 1.05043
1788855190.148473503 1.00661
1788855190.766308323 1.14917
1788855191.385173656 1.14726
1788855192.032308011 1.17441
1788855192.646915691 1.18775
1788855193.268522215 1.12611
1788855193.886352560 1.03588
1788855194.481522542 0.890502
1788855195.158685863 1.06326
1788855195.776659273 1.19746
1788855196.385144551 1.11753
1788855197.018141085 1.07425
1788855197.622642886 1.14144
1788855198.229447539 1.1371
1788855198.844469308 1.18695
1788855199.463474476 0.953143
1788855200.055824172 0.877859
1788855200.661951106 1.10538
1788855201.263045190 1.01482
1788855201.874578159 1.12831
1788855202.527206974 1.04194
1788855203.138821168 1.11181
1788855203.740302318 1.13054
1788855204.373791885 0.82085
1788855204.961590714 0.833618
1788855205.579507203 1.11666
1788855206.156565732 0.93578
1788855206.752430451 1.09085
1788855207.347779989 0.890233
1788855207.947721479 0.98343
1788855208.563814886 1.0388
1788855209.170084756 0.907187
1788855209.755301690 0.854384
1788855210.346529264 1.08249
1788855210.946680880 0.949759
1788855211.555304990 1.10084
1788855212.167920357 1.11
1788855212.772968966 1.09082
1788855213.422539813 1.01606
1788855214.034667671 1.09454
1788855214.590550741 1.09735
1788855215.233822186 0.855005
1788855215.834656366 0.981968
1788855216.452558403 0.873925
1788855217.045693243 0.893557
1788855217.625661811 0.879357
1788855218.227284249 0.831087
1788855218.836321054 0.853807
1788855219.449236190 1.01156
1788855220.058278148 0.985154
1788855220.644932602 0.988658
1788855221.283508368 1.06487
1788855221.863025223 0.845532
1788855222.468295876 0.991292
1788855223.117931717 1.04674
1788855223.675541672 1.11189
1788855224.329369656 1.08591
1788855224.970466254 1.09188
1788855225.552551881 1.0136
1788855226.148496693 1.0068
1788855226.667964905 0.924022
1788855227.251850859 0.890585
1788855227.820931976 0.861037
1788855228.393567045 0.803304
1788855228.957038085 0.408184
1788855229.469524215 0.409767
1788855230.096518257 0.382779
1788855230.656519022 0.55357
1788855231.258360314 0.498471
1788855231.766866063 0.196655
1788855232.285660243 0.404785
1788855232.880742573 0.352893
1788855233.422495824 0.443006
1788855233.978560522 0.287736
1788855234.486412629 0.0984539
1788855234.994287360 0.0984494
1788855235.502083434 0.118158
1788855236.009359671 0.137992
1788855236.516997027 0.0787963
1788855237.025667017 0.0786364
