1788855434.183901728 1.00682
1788855434.774978624 1.06585
1788855435.381486130 1.10468
1788855435.960682544 1.10498
1788855436.545515529 1.11143
1788855437.136669679 1.11646
1788855437.741577109 1.12414
1788855438.346506947 1.0745
1788855438.953178679 1.10439
1788855439.566495208 1.15764
1788855440.187915573 1.11036
1788855440.819821652 1.10776
1788855441.435384072 1.16966
1788855442.085188607 1.1388
1788855442.737651783 1.10351
1788855443.350288781 1.09363
1788855443.964359491 1.15622
1788855444.577770019 1.12486
1788855445.160511233 1.13258
1788855445.779127624 1.19622
1788855446.418089444 1.06423
1788855447.024601422 1.08819
1788855447.635309355 1.17896
1788855448.242527852 1.08692
1788855448.846547539 0.993345
1788855449.436645219 1.08457
1788855450.058361432 1.12592
1788855450.661786082 1.14347
1788855451.277667767 1.13658
1788855451.885240128 1.11921
1788855452.525019259 0.984715
1788855453.147561256 1.12442
1788855453.768537426 1.14336
1788855454.356940833 0.798772
1788855454.939448467 0.995694
1788855455.548170468 1.11709
1788855456.175917952 0.971729
1788855456.772549647 1.12297
1788855457.348539228 1.07641
1788855457.977487773 1.16067
1788855458.583530258 1.20454
1788855459.246476120 0.950304
1788855459.842552841 0.872371
1788855460.424459541 1.09983
1788855460.983512991 1.03747
1788855461.574450784 1.04918
1788855462.180844780 1.12138
1788855462.787761889 1.08746
1788855463.380565500 1.09649
1788855463.969518398 0.95084
1788855464.560508074 0.998325
1788855465.162740450 0.946479
1788855465.745872164 1.08037
1788855466.361647688 1.0231
1788855466.956007520 1.16091
1788855467.542538688 1.12526
1788855468.145494478 1.04485
1788855468.738901393 1.12907
1788855469.333784554 0.874121
1788855469.946628097 0.93009
1788855470.557548335 1.16218
1788855471.175058186 1.1012
1788855471.753513950 1.10639
1788855472.352495489 1.05179
1788855472.949521515 1.03848
1788855473.558278423 1.01847
1788855474.256198412 0.931339
1788855474.847856553 0.777476
1788855475.456152908 0.739771
1788855476.060107946 0.794761
1788855476.674812455 0.862202
1788855477.291546440 0.745865
1788855477.931551708 0.999992
1788855478.544552186 1.14192
1788855479.140865449 1.07326
1788855479.750529011 1.13177
1788855480.354518402 1.15896
1788855480.926609726 0.908946
1788855481.518240384 0.895829
1788855482.134635819 0.794945
1788855482.731647091 0.804005
1788855483.335058641 0.828621
1788855483.894461222 0.983193
1788855484.519120489 0.800437
1788855485.132000665 0.930035
1788855485.661362007 0.207798
1788855486.170384634 0.39291
1788855486.682969722 0.292634
1788855487.208988696 0.247139
1788855487.764480251 0.162019
1788855488.272960613 0.294997
1788855488.781440982 0.294997
1788855489.293442610 0.117187
1788855489.801470903 0.0984198
1788855490.309447712 0.118116
1788855490.818047255 0.117971
1788855491.326702927 0.117958
1788855491.836398074 0.137337
