1788855671.623137473 1.14725
1788855672.174529630 0.870524
1788855672.748380061 1.01072
1788855673.354592230 1.02274
1788855673.931571283 0.831919
1788855674.537292118 1.13914
1788855675.133700051 1.00602
1788855675.732319338 1.11924
1788855676.344855667 1.12646
1788855676.964443114 1.12978
1788855677.573852712 1.24711
1788855678.172686778 1.11884
1788855678.824719796 1.05823
1788855679.453354489 1.11352
1788855680.067714170 1.15567
1788855680.731403839 1.05471
1788855681.356461604 1.0879
1788855681.936887275 1.08541
1788855682.523281138 1.10847
1788855683.149854616 1.14911
1788855683.776657640 1.11678
1788855684.421152489 1.10164
1788855685.028995981 1.11871
1788855685.640315460 1.14506
1788855686.248602331 0.953497
1788855686.836665754 0.884259
1788855687.389191980 1.10402
1788855688.028443327 1.09503
1788855688.668586114 1.26534
1788855689.329869473 1.13416
1788855689.893535277 1.22413
1788855690.571555601 1.13566
1788855691.185467434 1.15652
1788855691.773476452 0.93536
1788855692.354147881 1.08495
1788855692.935487903 1.11811
1788855693.568475640 1.09007
1788855694.232939468 1.05348
1788855694.857530332 1.08871
1788855695.465696381 1.10167
1788855696.081457223 1.07184
1788855696.718174696 0.706749
1788855697.288715280 0.928943
1788855697.875554141 1.03947
1788855698.465532501 1.08479
1788855699.087514179 1.09328
1788855699.751485489 1.09945
1788855700.355172972 1.10985
1788855700.977232163 0.99669
1788855701.574564676 0.853797
1788855702.182773371 0.838528
1788855702.827295721 1.07056
1788855703.448685498 1.1426
1788855704.047452758 1.23587
1788855704.648562471 1.18115
1788855705.263669925 1.1055
1788855705.868584290 1.14066
1788855706.486943445 0.954138
1788855707.083140167 0.771557
1788855707.694510425 1.12861
1788855708.279162868 1.12888
1788855708.859338724 1.05141
1788855709.435986032 1.02316
1788855710.029495189 1.14573
1788855710.633683839 0.976516
1788855711.221539007 0.85055
1788855711.822503474 0.915195
1788855712.443560500 0.949993
1788855713.052706052 0.771573
1788855713.660376308 0.855728
1788855714.248367244 0.850353
1788855714.873605355 1.13557
1788855715.524521458 0.906415
1788855716.129211763 0.926094
1788855716.730236850 0.881827
1788855717.286763704 1.00624
1788855717.918294122 0.886734
1788855718.552461541 0.946123
1788855719.145193149 0.79294
1788855719.722526665 1.00462
1788855720.317430516 0.907709
1788855720.918222337 0.832235
1788855721.525741067 0.872401
1788855722.043283047 1.00475
1788855722.654483561 0.768978
1788855723.270200275 0.79582
1788855723.864347710 0.723727
1788855724.372536052 0.216455
1788855724.880490715 0.137807
1788855725.416274972 0.61592
1788855725.924794008 0.176985
1788855726.432796848 0.255904
1788855726.954951575 0.13406
1788855727.464197008 0.373101
1788855727.972381884 0.177101
1788855728.480426709 0.0984165
1788855729.020477780 0.296268
1788855729.528541484 0.137778
1788855730.045964377 0.463837
1788855730.643237115 0.904109
1788855731.181136623 0.148727
1788855731.693425193 0.0780809
1788855732.201476777 0.0787321
1788855732.709597110 0.0787216
1788855733.217754471 0.118074
1788855733.726185408 0.157347
1788855734.245065908 0.17345
1788855734.819059670 0.226483
1788855735.328087408 0.0392906
1788855735.847607452 0.0769941
1788855736.356736007 0.117848
1788855736.866208512 0.215909
1788855737.377486498 0.0586765
1788855737.889930190 0.195143
1788855738.398733517 0.117924
1788855738.906686376 0.118121
1788855739.419961694 0.0584482
1788855739.932828219 0.0194983
1788855740.442684672 0.0392268
1788855740.951473050 0.0393091
