1788855885.735604739 1.04192
1788855886.364685083 1.01736
1788855886.976571536 1.06229
1788855887.572662076 1.12399
1788855888.166431751 1.11154
1788855888.759866327 1.07847
1788855889.350173604 1.10112
1788855889.932034230 1.03117
1788855890.541144859 1.06713
1788855891.117320640 0.989281
1788855891.673136300 1.20543
1788855892.284137849 1.16203
1788855892.918517356 1.08768
1788855893.528240498 1.08246
1788855894.145561185 1.15013
1788855894.765591080 1.14511
1788855895.381471100 1.10411
1788855895.970329547 0.917029
1788855896.558493001 1.03713
1788855897.143118398 1.11182
1788855897.729977098 1.07351
1788855898.338730892 1.14989
1788855898.956570490 1.10061
1788855899.577587156 1.04667
1788855900.190315655 1.12611
1788855900.827268794 0.910585
1788855901.436798289 1.13202
1788855902.058986494 1.20542
1788855902.675294576 1.15202
1788855903.325560438 1.09186
1788855903.938411314 1.15852
1788855904.552964671 1.13904
1788855905.174662823 1.1742
1788855905.772560170 1.08714
1788855906.382682678 1.08175
1788855907.035809503 1.10239
1788855907.633354073 1.13799
1788855908.256784561 1.10678
1788855908.868597508 1.09511
1788855909.443698603 1.02591
1788855910.062642340 1.13096
1788855910.669627525 0.889643
1788855911.258536727 1.17166
1788855911.889164355 1.09415
1788855912.531050460 0.997062
1788855913.152444086 1.06213
1788855913.749955985 0.803331
1788855914.340028155 0.949037
1788855914.959908095 1.06472
1788855915.552071699 0.996346
1788855916.128578243 0.88464
1788855916.749447626 0.9986
1788855917.366002892 0.973149
1788855917.986822511 1.047
1788855918.625241885 0.830176
1788855919.242103789 1.03751
1788855919.843984183 1.12979
1788855920.454589248 0.982632
1788855921.055670552 0.765288
1788855921.657997592 1.04594
1788855922.241081608 1.08046
1788855922.853567525 1.11023
1788855923.465694227 1.14355
1788855924.117979793 1.13447
1788855924.744664985 1.02125
1788855925.325550606 1.0329
1788855925.924230346 0.801764
1788855926.534545315 0.933944
1788855927.147651004 1.17435
1788855927.734587703 0.988181
1788855928.318213300 0.822445
1788855928.873262724 0.900821
1788855929.524298739 0.921608
1788855930.140027566 0.909491
1788855930.726340220 0.989233
1788855931.354274124 0.891813
1788855931.963008202 0.887087
1788855932.557814242 0.756549
1788855933.145702941 0.969572
1788855933.780533500 1.03965
1788855934.386684706 0.841375
1788855934.988033998 0.947869
1788855935.625959893 1.05028
1788855936.230851111 0.975382
1788855936.774553328 1.06676
1788855937.359561753 0.957252
1788855937.977986175 1.00255
1788855938.555590971 0.952208
1788855939.142195161 1.05693
1788855939.764589696 0.851549
1788855940.344496334 0.982918
1788855940.964883742 0.773709
1788855941.571504365 0.906662
1788855942.248674824 1.04848
1788855942.866433833 1.11694
1788855943.519280900 1.08754
1788855944.097464948 0.484275
1788855944.623546710 0.49422
1788855945.227591097 0.612538
1788855945.823407530 0.386025
1788855946.336683043 0.662412
1788855946.950593210 0.407226
1788855947.470132214 0.211726
1788855948.051517957 0.326805
1788855948.574318597 0.191277
1788855949.082941924 0.176948
1788855949.593457038 0.176293
1788855950.101836240 0.157363
1788855950.610070083 0.118056
1788855951.118141226 0.314917
1788855951.627880775 0.333503
1788855952.140469237 0.117053
1788855952.649380946 0.176848
1788855953.159529727 0.0784085
1788855953.673300357 0.272495
1788855954.229752518 0.053913
1788855954.740949484 0.234743
1788855955.250182565 0.0589121
1788855955.758695607 0.117991
1788855956.267640262 0.0982424
1788855956.776708057 0.0589312
1788855957.287504883 0.0391545
1788855957.796168523 0.058978
