1788856079.227848466 1.04239
1788856079.835404817 1.06986
1788856080.443526958 1.10175
1788856081.038596243 1.0587
1788856081.631095224 0.860761
1788856082.223304386 0.861182
1788856082.777471124 0.974436
1788856083.365047868 0.953067
1788856083.942380614 1.12587
1788856084.581638011 1.14195
1788856085.233969322 1.0884
1788856085.850512073 1.13536
1788856086.466693068 1.16849
1788856087.084763889 1.13256
1788856087.664884046 1.17217
1788856088.280158880 1.20271
1788856088.925691361 1.11536
1788856089.538277513 1.02843
1788856090.131546103 1.12934
1788856090.735549480 1.0596
1788856091.364572616 1.09694
1788856091.985701042 1.15918
1788856092.637574671 1.07383
1788856093.264306506 1.14882
1788856093.885244159 1.09512
1788856094.537864920 0.950015
1788856095.124365902 1.15942
1788856095.746732557 1.0926
1788856096.341665764 1.10937
1788856096.963712680 1.15747
1788856097.575572784 1.12771
1788856098.232642394 1.15665
1788856098.862634565 1.17462
1788856099.468652027 1.17158
1788856100.073432663 1.12437
1788856100.717454853 1.11797
1788856101.331900917 1.10669
1788856101.966830202 1.10249
1788856102.581704986 1.05713
1788856103.239599126 1.064
1788856103.848175427 1.0352
1788856104.438638070 0.829859
1788856105.026958990 0.951861
1788856105.630528775 1.17633
1788856106.242677375 1.11084
1788856106.877280985 0.88244
1788856107.485551534 1.10148
1788856108.130132921 1.08598
1788856108.742281946 1.11084
1788856109.336196308 0.926058
1788856109.928683049 1.04644
1788856110.562530776 1.05704
1788856111.178610407 1.16868
1788856111.769172757 1.06678
1788856112.360647886 0.81153
1788856112.945724053 1.17933
1788856113.548957444 1.0278
1788856114.167335922 1.06731
1788856114.743053290 0.746895
1788856115.324842106 0.94536
1788856115.931457172 1.10449
1788856116.563415747 0.965254
1788856117.145708856 0.841501
1788856117.740445727 1.04248
1788856118.325995097 1.02468
1788856118.948324797 0.931983
1788856119.558624171 0.802884
1788856120.155643860 1.17249
1788856120.788631889 1.16906
1788856121.432498578 1.10271
1788856122.033333701 0.848819
1788856122.591650682 0.949282
1788856123.186381904 0.874345
1788856123.775244229 0.815132
1788856124.382803904 0.90526
1788856124.974182028 0.99767
1788856125.626788112 0.735513
1788856126.188286186 0.783618
1788856126.759535125 0.910286
1788856127.349359101 0.813802
1788856127.932549501 0.960236
1788856128.467752750 1.13975
1788856129.084840292 1.15057
1788856129.723594186 1.11154
1788856130.347368627 0.993948
1788856130.950161823 1.01196
1788856131.575586674 1.03929
1788856132.158345286 0.926627
1788856132.794732734 0.817112
1788856133.374643752 1.03464
1788856133.984195614 0.83668
1788856134.578283640 0.875291
1788856135.167730638 0.967008
1788856135.760717988 1.04555
1788856136.372664634 1.20926
1788856136.969716226 0.904444
1788856137.560570833 0.761609
1788856138.069229034 0.550468
1788856138.582562406 0.701299
1788856139.176337918 0.319986
1788856139.688828964 0.23415
1788856140.197922484 0.43214
1788856140.754980269 0.323126
1788856141.267912255 0.214453
1788856141.776911563 0.333989
1788856142.293834257 0.386905
1788856142.826609648 0.281545
1788856143.377911734 0.108833
1788856143.888695174 0.0978889
1788856144.402577132 0.136218
1788856144.920996474 0.0964471
1788856145.429696067 0.157264
1788856145.963081647 0.243726
1788856146.491131086 0.170439
1788856147.146500461 0.21362
1788856147.655246651 0.0982809
1788856148.163814115 0.157305
1788856148.672457224 0.117961
1788856149.181107810 0.0786394
1788856149.694226296 0.0389773
1788856150.202933588 0.0393154
1788856150.711295777 0.0590131
1788856151.319955317 0.164295
1788856151.828324491 0.196708
1788856152.341972508 0.0778743
1788856152.850310250 0.0786878
1788856153.358650219 0.0590156
1788856153.868733505 0.0392093
1788856154.381599607 0.194983
1788856154.892237126 0.05875
1788856155.400567083 0.0393445
1788856155.908958594 0.0393397
1788856156.417288574 0.0590168
1788856156.926518790 0.0196375
1788856157.450239862 0.0763765
