1788856294.032366620 0.956714
1788856294.631803287 1.11772
1788856295.241133500 1.06675
1788856295.793023853 0.851619
1788856296.418281149 0.799671
1788856296.971687223 0.903496
1788856297.567127192 1.10842
1788856298.174244890 1.05416
1788856298.783529626 1.14889
1788856299.428999690 0.991526
1788856300.068142589 1.17345
1788856300.677015186 1.13324
1788856301.285169265 1.15102
1788856301.894648368 1.18134
1788856302.545222300 1.07597
1788856303.238183418 0.923573
1788856303.845520557 1.10318
1788856304.538138074 1.0251
1788856305.124970887 1.03948
1788856305.729483803 1.12487
1788856306.342541255 1.09288
1788856306.958268731 1.10439
1788856307.577273340 1.09854
1788856308.221689801 1.13281
1788856308.825754147 1.14226
1788856309.446572659 1.01479
1788856310.048380808 1.19639
1788856310.668356794 1.20972
1788856311.285662979 1.13396
1788856311.941792670 1.12783
1788856312.580504847 1.15858
1788856313.221558722 1.16995
1788856313.839106975 0.955391
1788856314.394428562 0.810342
1788856314.969766375 1.14715
1788856315.572692703 1.09466
1788856316.185494952 1.12598
1788856316.818385296 1.09024
1788856317.422283897 1.07634
1788856317.978671782 0.970546
1788856318.620563010 0.965896
1788856319.186892014 1.09477
1788856319.766241300 1.15647
1788856320.422172850 1.12817
1788856321.030446161 1.13436
1788856321.638475579 1.11837
1788856322.246515620 1.16769
1788856322.869549273 1.20379
1788856323.478394560 1.19899
1788856324.094070072 0.925813
1788856324.723257159 0.953612
1788856325.352411954 1.16029
1788856325.967923825 1.08852
1788856326.587544417 0.968334
1788856327.194752569 1.15282
1788856327.824053474 1.04878
1788856328.383419836 1.03689
1788856328.980468282 0.770456
1788856329.570874230 1.084
1788856330.182839212 0.964107
1788856330.817327886 1.05597
1788856331.452598463 1.1806
1788856332.070378085 1.0036
1788856332.667149730 0.854598
1788856333.322843528 0.808304
1788856333.884512357 0.836792
1788856334.464580043 0.896447
1788856335.138351883 0.890509
1788856335.738381262 0.999952
1788856336.341353551 1.01165
1788856336.967445481 1.16596
1788856337.623788862 1.00557
1788856338.185290154 1.08637
1788856338.774460778 0.967461
1788856339.387209173 1.01184
1788856339.973065503 0.88759
1788856340.583983765 0.883916
1788856341.225550015 0.623474
1788856341.734684809 0.157129
1788856342.254939535 0.172992
1788856342.763551146 0.235936
1788856343.272142612 0.235946
1788856343.780568425 0.177017
1788856344.316478016 0.317217
1788856344.825994887 0.157011
1788856345.343076897 0.232072
1788856345.853627050 0.0979336
1788856346.365170656 0.117292
1788856346.873638495 0.373671
1788856347.382389771 0.275184
1788856347.895520453 0.097441
1788856348.403603357 0.0590455
1788856348.911633061 0.0787355
1788856349.419827842 0.354195
1788856349.928389537 0.17697
1788856350.439525439 0.0586928
1788856350.948067749 0.0589922
1788856351.456606286 0.117985
1788856351.965422823 0.0982674
1788856352.474013560 0.176959
1788856352.982685039 0.0393181
1788856353.530176984 0.146121
1788856354.052383883 0.153196
1788856354.561048878 0.0589779
1788856355.069685282 0.0589813
1788856355.578356224 0.0393181
1788856356.088990969 0.0587504
1788856356.597908510 0.0196495
1788856357.106099875 0.0393553
