1788856551.041253053 1.13685
1788856551.575524509 0.992006
1788856552.171088178 1.14177
1788856552.778430590 0.905585
1788856553.355602505 0.935596
1788856553.940752220 1.02538
1788856554.538301468 1.08778
1788856555.142796073 1.10836
1788856555.730577087 1.0378
1788856556.353316978 1.09195
1788856556.941851805 1.18939
1788856557.541163723 1.16801
1788856558.165570521 1.16911
1788856558.769539694 1.19211
1788856559.387071879 1.19832
1788856560.029023295 1.12158
1788856560.655857294 1.18054
1788856561.178126520 1.09139
1788856561.788305390 1.13082
1788856562.395488838 1.11993
1788856562.989574212 1.09412
1788856563.631197994 1.0754
1788856564.239393003 0.970084
1788856564.852493353 1.14174
1788856565.465827055 1.125
1788856566.075804454 0.836097
1788856566.655951652 0.948036
1788856567.244508921 1.13838
1788856567.856682000 1.19247
1788856568.460059374 1.11042
1788856569.091875526 0.965471
1788856569.680109940 1.088
1788856570.295385165 1.18646
1788856570.930708082 0.928661
1788856571.524398841 1.04431
1788856572.137667216 1.09251
1788856572.746541393 1.13324
1788856573.371630763 1.15184
1788856573.988524106 1.13472
1788856574.580433626 1.18261
1788856575.227094228 1.12888
1788856575.831163660 1.02637
1788856576.464012989 1.07451
1788856577.063303034 1.11799
1788856577.654605530 0.997796
1788856578.248065793 1.12897
1788856578.854707007 1.08796
1788856579.471534137 1.06999
1788856580.076302441 1.1244
1788856580.718748579 0.887234
1788856581.281516280 0.835158
1788856581.869589148 0.799221
1788856582.479469149 0.967403
1788856583.128443363 1.06322
1788856583.688548827 1.17835
1788856584.285657074 1.05509
1788856584.877662986 1.08107
1788856585.524592509 1.06658
1788856586.119640646 0.90749
1788856586.718226914 1.01907
1788856587.343688814 1.11917
1788856587.947441087 1.09316
1788856588.556686028 1.09972
1788856589.172647609 1.1202
1788856589.755343020 0.995375
1788856590.322483434 1.0932
1788856590.886547566 1.06371
1788856591.468631172 0.96206
1788856592.079672229 0.981931
1788856592.698116087 1.03486
1788856593.279461128 0.92888
1788856593.875665638 0.85541
1788856594.531934770 0.792358
1788856595.090773591 0.769452
1788856595.725003186 0.725289
1788856596.285278573 0.945964
1788856596.881471893 0.788335
1788856597.524272715 0.777846
1788856598.134856670 0.999044
1788856598.757734322 1.15592
1788856599.368494292 1.08062
1788856599.991133151 1.09213
1788856600.572912960 0.842243
1788856601.195229112 0.835588
1788856601.786185436 0.913774
1788856602.388791157 0.912702
1788856603.025557101 0.879444
1788856603.641439044 0.893028
1788856604.237741963 0.3354
1788856604.748934941 0.273869
1788856605.257734930 0.176887
1788856605.766217197 0.235997
1788856606.274811289 0.216283
1788856606.791954676 0.19337
1788856607.300499797 0.117984
1788856607.826776177 0.437033
1788856608.361657553 0.168262
1788856608.924028750 0.28451
1788856609.432951790 0.0982467
1788856609.944233051 0.0782349
1788856610.452943147 0.0786303
1788856610.961817543 0.0786049
1788856611.477019876 0.252328
1788856612.056430213 0.120813
1788856612.565136136 0.157262
1788856613.080255594 0.097065
1788856613.597356610 0.0966929
1788856614.104996676 0.078796
1788856614.612347873 0.0985511
1788856615.122355765 0.0784301
1788856615.632851172 0.137122
