1788856740.357666872 1.10661
1788856741.050527805 0.952572
1788856741.630244150 0.94874
1788856742.266650876 1.03707
1788856742.872587516 1.07272
1788856743.455513944 0.89205
1788856744.044898977 0.746541
1788856744.626151068 0.791395
1788856745.174002088 1.05868
1788856745.738803421 1.13314
1788856746.353736952 1.10581
1788856746.962701246 1.13307
1788856747.575811238 1.15803
1788856748.220764353 1.10086
1788856748.827862322 1.15303
1788856749.422600375 1.16017
1788856750.043452779 1.07916
1788856750.635699505 0.996206
1788856751.243181728 0.971222
1788856751.857385916 1.12341
1788856752.441910620 1.14623
1788856753.059496544 1.16583
1788856753.655482672 1.15775
1788856754.274235622 1.11515
1788856754.949028733 1.20037
1788856755.583394014 0.945828
1788856756.143607696 1.12457
1788856756.757689016 1.17248
1788856757.367630824 1.03289
1788856757.982957393 1.18636
1788856758.620392462 1.14521
1788856759.238712640 1.16445
1788856759.862091193 1.21916
1788856760.455261618 0.927222
1788856761.037688016 1.06451
1788856761.684136291 1.16019
1788856762.336341162 1.04262
1788856762.940855900 1.19104
1788856763.558568120 1.08465
1788856764.190640033 1.10747
1788856764.834222501 1.1032
1788856765.456472637 0.964243
1788856766.018871877 1.04908
1788856766.634649049 1.20173
1788856767.254263269 1.04904
1788856767.871536025 1.02062
1788856768.450827662 0.828598
1788856769.029030254 1.0377
1788856769.649295390 1.08018
1788856770.276766167 0.940282
1788856770.849702270 0.785428
1788856771.448826479 0.984771
1788856772.038181096 0.882321
1788856772.629892573 1.04781
1788856773.244552089 1.1063
1788856773.852301090 0.921433
1788856774.459271281 1.07089
1788856775.073384478 0.977019
1788856775.674227587 0.782234
1788856776.268833800 1.04271
1788856776.882138156 1.09244
1788856777.478942330 1.02211
1788856778.094273006 1.05634
1788856778.731086603 1.09922
1788856779.357638480 1.0853
1788856779.945439008 1.0888
1788856780.550705755 0.958255
1788856781.135598053 1.00873
1788856781.733625741 1.12035
1788856782.328330281 0.908013
1788856782.938335599 0.786879
1788856783.553502655 0.87781
1788856784.158447421 0.876113
1788856784.768816848 0.933861
1788856785.347780754 1.01906
1788856785.940233899 0.978981
1788856786.548782574 1.10098
1788856787.138265996 0.899093
1788856787.727382722 0.882677
1788856788.368841337 1.07567
1788856788.966524092 1.15446
1788856789.620128092 1.00979
1788856790.171254848 0.961666
1788856790.760325513 0.831818
1788856791.341711002 1.11802
1788856791.968523137 1.03699
1788856792.556714785 0.901066
1788856793.137939768 1.0323
1788856793.738322016 1.01602
1788856794.368575256 0.936132
1788856794.965739783 1.02149
1788856795.557004504 1.03169
1788856796.159653481 0.73011
1788856796.773257579 0.684481
1788856797.367305683 0.774348
1788856798.024270642 0.547974
1788856798.627054223 0.680177
1788856799.201560493 0.469969
1788856799.718635395 0.483489
1788856800.230302963 0.293159
1788856800.745635968 0.232859
1788856801.258319373 0.156042
1788856801.766918892 0.137633
1788856802.287087852 0.153796
1788856802.796718868 0.0784882
1788856803.304679829 0.118119
1788856803.812566558 0.137826
1788856804.320915462 0.177044
1788856804.837563058 0.232266
1788856805.423856634 0.170563
1788856805.941459521 0.289797
1788856806.450151963 0.0589747
1788856806.958956392 0.0786156
1788856807.467871775 0.0982482
1788856807.980073638 0.0976177
1788856808.489572906 0.0588814
1788856808.998347381 0.176896
1788856809.506442261 0.0590441
1788856810.014637327 0.0983874
1788856810.522943120 0.0786928
1788856811.034025708 0.195663
1788856811.543114661 0.157143
1788856812.051686752 0.0393258
1788856812.560224092 0.0589928
1788856813.069191131 0.0196476
1788856813.580344924 0.0782543
1788856814.088898888 0.0589908
1788856814.597190525 0.0393475
