1788856937.823247621 1.00718
1788856938.360890368 1.17178
1788856939.022504463 0.967331
1788856939.638543018 1.15252
1788856940.231874400 1.0618
1788856940.839820402 0.83889
1788856941.424245848 0.752877
1788856942.033630234 0.984601
1788856942.628190249 0.99233
1788856943.190692490 1.17333
1788856943.831534346 1.10792
1788856944.463203229 1.1715
1788856945.119947630 1.09632
1788856945.725576865 1.17233
1788856946.330557935 1.04136
1788856946.942485619 1.11124
1788856947.554474993 1.07845
1788856948.131922865 0.969784
1788856948.685638638 1.08359
1788856949.286510301 1.11505
1788856949.935502076 1.06319
1788856950.541796023 1.10507
1788856951.162905697 1.12701
1788856951.756714957 1.02727
1788856952.383234868 1.03748
1788856953.030441969 1.08157
1788856953.583551380 0.976299
1788856954.186532128 1.14431
1788856954.836792153 1.07649
1788856955.448305406 1.17741
1788856956.076081192 1.13098
1788856956.691963674 1.00669
1788856957.271832400 1.17268
1788856957.883617600 1.02977
1788856958.461502785 0.882529
1788856959.072468003 1.01479
1788856959.728480225 1.06705
1788856960.331545290 1.14416
1788856960.945383712 1.10778
1788856961.558547292 1.12531
1788856962.175462854 1.13468
1788856962.770351586 0.974972
1788856963.394654856 1.15329
1788856964.023534409 1.16079
1788856964.642855394 1.13027
1788856965.267607071 1.05642
1788856965.862177194 1.09323
1788856966.459587592 1.10477
1788856967.047191061 0.936005
1788856967.632783151 0.973374
1788856968.188570714 0.971593
1788856968.756946023 0.897295
1788856969.350109230 0.977809
1788856969.930179536 0.999879
1788856970.531432887 1.03118
1788856971.138639368 1.07048
1788856971.742608809 1.14244
1788856972.333329417 1.11728
1788856972.880205346 0.914284
1788856973.479482213 0.884399
1788856974.080952713 0.814671
1788856974.654558256 1.11575
1788856975.248216590 1.09491
1788856975.764772354 1.10346
1788856976.370088266 0.859055
1788856976.999647918 1.11189
1788856977.652204885 0.904136
1788856978.243494093 0.811786
1788856978.856773520 0.994652
1788856979.445204822 1.05365
1788856980.045634880 0.91601
1788856980.630587245 0.940248
1788856981.191715007 0.837599
1788856981.822244858 0.777124
1788856982.434447590 0.800388
1788856983.028355745 0.791368
1788856983.640756762 0.963421
1788856984.235488399 1.0593
1788856984.828387723 0.99511
1788856985.388216092 0.910994
1788856986.025521166 1.00423
1788856986.643697940 1.01913
1788856987.281962322 1.15939
1788856987.866121728 1.02712
1788856988.492524531 1.02171
1788856989.084470203 1.06429
1788856989.657095141 0.943026
1788856990.244250868 0.8175
1788856990.833143469 0.916975
1788856991.389517464 1.20423
1788856992.039441290 0.800094
1788856992.625255912 0.904724
1788856993.154120686 0.983238
1788856993.788303117 0.851491
1788856994.345467639 0.628181
1788856994.855701226 0.607564
1788856995.372547017 0.677184
1788856995.966273862 0.538968
1788856996.499516254 0.46883
1788856997.019457862 0.500056
1788856997.534360773 0.155369
1788856998.091261341 0.269348
1788856998.599235866 0.177174
1788856999.107134261 0.19689
1788856999.614852940 0.0787837
1788857000.138032039 0.152911
1788857000.649059179 0.0978422
1788857001.157843686 0.0786188
1788857001.675639916 0.0772505
1788857002.183761212 0.236164
1788857002.720182839 0.260989
1788857003.280087734 0.196462
1788857003.788297877 0.295154
1788857004.296086320 0.0393865
1788857004.803575311 0.0591146
1788857005.311230737 0.118191
1788857005.819544917 0.13771
1788857006.331874453 0.0975935
1788857006.840544223 0.0786364
