1788843394.547393171 0.989099
1788843395.153552002 1.10532
1788843396.084802064 1.0094
1788843396.671750781 1.09038
1788843397.739497284 0.983376
1788843398.322392344 1.06366
1788843399.387768943 1.0982
1788843400.037543763 1.21581
1788843401.322252585 1.14423
1788843401.930942278 1.13358
1788843403.125471471 1.04644
1788843403.728396736 1.09466
1788843404.861715530 0.917658
1788843405.451508839 1.06817
1788843406.630539375 1.11956
1788843407.258570702 1.08275
1788843408.441558280 1.09046
1788843409.050781604 1.19825
1788843410.118543085 0.824155
1788843410.744706497 1.10195
1788843411.944538589 1.17517
1788843412.571065834 1.229
1788843413.830846317 1.05574
1788843414.448503134 0.955223
1788843415.632266232 1.03906
1788843416.237666408 1.09019
1788843417.354518777 1.09236
1788843417.951172350 1.15645
1788843419.183687968 1.0872
1788843419.763830160 1.10318
1788843420.667939841 1.08394
1788843421.281537229 1.07562
1788843422.559134944 1.02536
1788843423.220884510 0.997355
1788843424.480231407 1.19109
1788843425.126358181 1.16076
1788843426.265586821 0.930453
1788843426.881638062 0.957713
1788843428.071773698 0.974675
1788843428.664713966 0.995042
1788843429.741175745 1.0869
1788843430.363491056 0.899866
1788843431.641694313 0.977938
1788843432.245659659 1.07622
1788843433.641524083 1.11759
1788843434.248449685 1.02154
1788843435.279406373 0.96027
1788843435.826903888 0.566212
1788843436.671555461 0.556442
1788843437.290223751 0.533404
1788843438.452543147 0.550623
1788843438.961478272 0.451924
1788843439.625745924 0.240867
1788843440.136836295 0.215226
1788843440.743510985 0.296699
1788843441.252153972 0.117961
1788843441.848945870 0.13405
1788843442.357837323 0.334059
1788843443.034275624 0.22175
1788843443.543123056 0.0589568
1788843444.134772501 0.118313
1788843444.644289746 0.215891
1788843445.240678593 0.251514
1788843445.749471548 0.0786174
1788843446.419984852 0.402677
1788843446.929056888 0.0785743
1788843447.567657952 0.109615
1788843448.076269568 0.0393227
