1788844420.653285866 1.05583
1788844421.250241006 1.07211
1788844422.327470155 0.974722
1788844422.885382717 1.00374
1788844423.941943860 0.993791
1788844424.523418164 1.10065
1788844425.634910240 0.971669
1788844426.254969504 1.1128
1788844427.490655831 1.06014
1788844428.095399968 1.12444
1788844429.248820136 1.05772
1788844429.851129452 0.962961
1788844430.934987012 0.977986
1788844431.548965554 1.15639
1788844432.689072325 0.991132
1788844433.330553400 1.04446
1788844434.621097049 1.10031
1788844435.225857405 1.07481
1788844436.355485740 1.02688
1788844436.972714090 1.21511
1788844438.150489919 1.06132
1788844438.766504190 1.1688
1788844439.964886236 1.06811
1788844440.582264727 0.939457
1788844441.666472272 1.05146
1788844442.245416264 1.14001
1788844443.465497167 1.0737
1788844444.071503686 1.1056
1788844445.247485725 1.02893
1788844445.830506476 0.909058
1788844447.066905270 1.08379
1788844447.675126154 1.11801
1788844448.781021547 1.03988
1788844449.372691515 1.11549
1788844450.450557519 1.08547
1788844451.036890223 0.767482
1788844452.246762548 0.991842
1788844452.863501898 1.11879
1788844453.968710679 1.06767
1788844454.619926179 1.05956
1788844455.623450941 0.886878
1788844456.229600911 0.890869
1788844457.270100543 0.980298
1788844457.894316164 0.865085
1788844459.137690110 0.900778
1788844459.730741521 0.977993
1788844460.836298237 0.805022
1788844461.452793417 1.08679
1788844462.733319205 1.03082
1788844463.357874090 1.07276
1788844464.587246301 0.943573
1788844465.183339964 1.00655
1788844466.243941471 0.952291
1788844466.822736068 1.05392
1788844467.855556291 0.842354
1788844468.525485266 0.970252
1788844469.624636970 1.01897
1788844470.228997362 1.02588
1788844471.268643517 0.83682
1788844471.895869828 0.765274
1788844472.663474063 0.63835
1788844473.172036040 0.334276
1788844473.939611010 0.455982
1788844474.451504270 0.507919
1788844475.273691289 0.474345
1788844475.791422329 0.212466
1788844476.454177518 0.331948
1788844476.973955744 0.153912
1788844477.570155356 0.167729
1788844478.086724136 0.174226
1788844478.759400252 0.089196
1788844479.270359222 0.19571
1788844479.857809127 0.0851136
1788844480.366817562 0.0785842
1788844480.954752307 0.0850434
