1788843537.890773526 0.942313
1788843538.469360786 0.881458
1788843539.541625485 0.997892
1788843540.149471043 1.10225
1788843541.248715392 0.991594
1788843541.839663111 1.03224
1788843542.566043550 1.07382
1788843543.148470877 1.06451
1788843544.358530099 1.09085
1788843544.976793629 1.11603
1788843546.079441649 1.01573
1788843546.694601567 1.13792
1788843547.977799381 1.06764
1788843548.589032187 1.09615
1788843549.655743508 0.946837
1788843550.268367568 1.15895
1788843551.341512318 1.04367
1788843551.958650513 1.16668
1788843553.141467090 0.921527
1788843553.718219887 1.14434
1788843554.761595963 1.0926
1788843555.340358148 1.05397
1788843556.379084418 1.136
1788843557.030339962 1.10556
1788843558.257646560 0.928861
1788843558.838940922 1.11819
1788843560.032854876 1.06373
1788843560.653677879 1.11143
1788843561.779301929 1.07496
1788843562.429646185 1.01485
1788843563.264676610 0.87422
1788843563.856646529 1.01356
1788843565.049570250 1.04785
1788843565.668509704 1.14712
1788843566.862838900 1.02987
1788843567.474863001 1.12741
1788843568.528227697 0.835422
1788843569.143519427 0.958894
1788843570.345455761 1.06495
1788843570.954667516 1.13261
1788843572.448052454 1.03122
1788843573.085732929 1.14477
1788843574.487685121 1.1056
1788843575.075572292 0.969574
1788843576.173205363 0.810838
1788843576.825479346 0.78188
1788843578.085650420 0.888769
1788843578.717364559 0.886477
1788843579.877216472 1.08635
1788843580.486766686 1.1976
1788843581.750477636 1.05246
1788843582.383060926 0.9643
1788843583.428400780 0.899229
1788843584.028742076 1.09938
1788843585.258758628 1.04876
1788843585.865697969 0.840282
1788843586.484219490 0.662871
1788843586.993202320 0.589411
1788843587.664247806 0.327846
1788843588.240106030 0.538327
1788843588.959899650 0.319536
1788843589.471020486 0.684769
1788843590.165436732 0.288012
1788843590.678684187 0.584514
1788843591.478966144 0.337381
1788843591.988470957 0.117761
1788843592.578439071 0.203401
1788843593.087306251 0.432333
1788843593.724381295 0.125574
1788843594.232540640 0.0983944
1788843594.838118389 0.0990789
