1788843646.030489760 0.97834
1788843646.618740097 1.13897
1788843647.694717475 1.05021
1788843648.276284891 1.03169
1788843649.262714134 0.770456
1788843649.846526384 1.07911
1788843650.785341511 0.894745
1788843651.438551127 1.10225
1788843652.639969807 1.08205
1788843653.252850040 1.14215
1788843654.522694110 1.05525
1788843655.148182965 1.11912
1788843656.424928983 1.03388
1788843657.028676812 1.10973
1788843658.223408434 1.08811
1788843658.835602393 1.12709
1788843659.848742266 1.00677
1788843660.464157501 1.18619
1788843661.665587933 1.09869
1788843662.272571103 1.18619
1788843663.557104524 1.09768
1788843664.178359286 1.17504
1788843665.453974712 1.09751
1788843666.043575093 0.915875
1788843667.244881899 1.01556
1788843667.850195179 1.12339
1788843668.943625462 1.07003
1788843669.559682808 1.08756
1788843670.632003721 1.04446
1788843671.184538313 1.01351
1788843672.328679524 0.987641
1788843672.945606142 1.13466
1788843673.978829882 1.06463
1788843674.586252210 1.08656
1788843675.629343268 1.07373
1788843676.183951651 1.09988
1788843677.355386205 1.07561
1788843677.968337585 1.20727
1788843678.952562351 1.08715
1788843679.581650664 1.14451
1788843680.578312023 1.05352
1788843681.166671750 0.84982
1788843682.269407421 0.816149
1788843682.875696768 0.940146
1788843683.880319868 1.07503
1788843684.529225538 1.00169
1788843685.463811755 1.04859
1788843686.057182887 0.926907
1788843687.023384047 0.952183
1788843687.640383981 1.05348
1788843688.739345143 0.973648
1788843689.350518876 0.965355
1788843690.492228384 0.858362
1788843691.157507598 0.916909
1788843692.281477757 0.943086
1788843692.924549295 0.933021
1788843693.986587889 0.790931
1788843694.576865883 0.830117
1788843695.480678425 0.80769
1788843696.118961154 0.814686
1788843697.123943883 0.88559
1788843697.718424962 0.941998
1788843698.850760571 0.989102
1788843699.455662774 1.05802
1788843700.618133784 1.00648
1788843701.174350700 1.02478
1788843702.258532705 0.876238
1788843702.917848375 1.09204
1788843704.038086006 1.04442
1788843704.687454221 1.12417
1788843705.928007595 0.991496
1788843706.531489649 0.712532
1788843707.238533010 0.749601
1788843707.819904177 0.756832
1788843708.561212634 0.647504
1788843709.189523690 0.366061
1788843709.786202519 0.318429
1788843710.394180848 0.657919
1788843711.126488026 0.136555
1788843711.720183913 0.37056
1788843712.356847756 0.125655
1788843712.865731285 0.0982544
1788843713.541115995 0.16287
1788843714.051398717 0.137179
1788843714.640523436 0.0848716
1788843715.152953352 0.292723
1788843715.759063325 0.049496
1788843716.267386303 0.275415
1788843716.858229203 0.0846248
1788843717.367334847 0.274992
1788843717.946980275 0.103512
1788843718.455875929 0.0393008
1788843719.086905897 0.174318
1788843719.596254902 0.0392658
1788843720.184790713 0.0509739
1788843720.694355302 0.0588737
