1788843779.138728844 1.15988
1788843779.739125727 1.04931
1788843780.782715931 0.958231
1788843781.366169880 0.99408
1788843782.372732933 0.874265
1788843782.962314228 0.983749
1788843783.933657228 0.895667
1788843784.518245926 0.90662
1788843785.755651760 1.07483
1788843786.380725485 1.10387
1788843787.529881491 0.983327
1788843788.138597999 1.18282
1788843789.418345005 0.992381
1788843790.024556915 1.07223
1788843791.266025613 1.07131
1788843791.883664071 1.13335
1788843793.118216418 1.11782
1788843793.730826689 1.06103
1788843794.727891068 0.992915
1788843795.345212814 1.21493
1788843796.623658259 1.12636
1788843797.251508593 1.22641
1788843798.356890382 1.04037
1788843798.966342677 1.09935
1788843800.161660112 1.05411
1788843800.782823593 1.15912
1788843802.032942423 1.0879
1788843802.652436932 1.12995
1788843803.646481963 1.06635
1788843804.245700383 0.917863
1788843805.240573758 0.884535
1788843805.828270361 1.02093
1788843806.831217913 1.02697
1788843807.436531684 1.12338
1788843808.584013130 1.14163
1788843809.245630715 1.11847
1788843810.379729094 0.890574
1788843810.986083093 1.13795
1788843812.147606482 1.05896
1788843812.738475985 1.08315
1788843813.882544444 1.01392
1788843814.465660769 0.90891
1788843815.732822845 0.915433
1788843816.349686079 1.03751
1788843817.482932834 1.04125
1788843818.088206526 0.908679
1788843819.218404817 0.920191
1788843819.827035834 1.15012
1788843820.966042334 1.06233
1788843821.491718806 0.894087
1788843822.371660645 0.977337
1788843822.973779578 1.09613
1788843824.161692342 1.03543
1788843824.775490895 0.863475
1788843825.672682333 0.579587
1788843826.186197012 0.486841
1788843826.849258997 0.542936
1788843827.359164176 0.490287
1788843828.244077095 0.40682
1788843828.752914842 0.334095
1788843829.356635279 0.364407
1788843829.972461372 0.503389
1788843830.585969686 0.162997
1788843831.094632328 0.511144
1788843831.697824834 0.331569
1788843832.206064852 0.27546
1788843832.842861401 0.235554
1788843833.351859534 0.176818
1788843833.944943197 0.185471
1788843834.454389005 0.117775
1788843835.045725839 0.321306
1788843835.554937171 0.0589147
1788843836.146132693 0.0507446
1788843836.654799823 0.0786369
