1788843886.846766736 1.14086
1788843887.462813883 1.07135
1788843888.438432961 0.840492
1788843889.031303413 1.07949
1788843890.048410679 0.865196
1788843890.625529211 0.935682
1788843891.664528534 0.904716
1788843892.245882529 1.15248
1788843893.489130650 1.06978
1788843894.154908276 1.08144
1788843895.329166061 0.911212
1788843895.955518652 1.08565
1788843897.141666544 0.994815
1788843897.724909639 1.02873
1788843898.873624484 1.10558
1788843899.520519084 1.06664
1788843900.560436744 1.16355
1788843901.175470947 1.12189
1788843902.184334747 0.951569
1788843902.782735197 1.10294
1788843904.033103959 1.05569
1788843904.658479257 1.13532
1788843905.919206285 1.07081
1788843906.545208615 1.11821
1788843907.668670392 1.04143
1788843908.321948784 1.08683
1788843909.534539066 1.17929
1788843910.138628107 1.20843
1788843911.426338606 1.07167
1788843911.983867608 0.914751
1788843913.064999464 1.01745
1788843913.669502139 1.10835
1788843914.847486508 1.03567
1788843915.464350599 1.13477
1788843916.543874718 1.11161
1788843917.163587000 1.0166
1788843918.283734200 0.946302
1788843918.870699379 1.10739
1788843919.960937087 0.990608
1788843920.562913984 1.07978
1788843921.637865586 0.91167
1788843922.232377426 0.97559
1788843923.418797434 0.842872
1788843924.027932634 0.968587
1788843925.294448785 1.01064
1788843925.922201174 0.764633
1788843927.132162847 0.793415
1788843927.736928331 0.810232
1788843928.529448791 0.643516
1788843929.054189835 0.476426
1788843929.982654963 0.570835
1788843930.520134911 0.613976
1788843931.237993792 0.348258
1788843931.754627531 0.503258
1788843932.447542309 0.317499
1788843933.059377848 0.408606
1788843933.770633992 0.267133
1788843934.308039614 0.260511
1788843934.897628519 0.35618
1788843935.406438519 0.117922
1788843935.987949885 0.154769
1788843936.496634287 0.13761
1788843937.146419056 0.323184
1788843937.655336529 0.0589486
1788843938.242969322 0.0510523
1788843938.752182601 0.0785526
