1788843991.156356699 1.10266
1788843991.733606123 0.918148
1788843992.736772527 1.08656
1788843993.326755820 1.06783
1788843994.465714050 0.895554
1788843995.047244852 1.11774
1788843995.923225006 1.02742
1788843996.480680281 1.1122
1788843997.688279959 1.0848
1788843998.354300274 1.11108
1788843999.586610927 1.13608
1788844000.241809920 1.00733
1788844001.527430417 1.06563
1788844002.126601909 1.06814
1788844003.242329473 1.00383
1788844003.855652793 1.20654
1788844005.118605515 1.13227
1788844005.741349829 1.02771
1788844006.935346300 0.904523
1788844007.548551369 1.15785
1788844008.731490345 1.06514
1788844009.346655147 1.13791
1788844010.629162229 1.16178
1788844011.273126337 1.07149
1788844012.131176146 0.944001
1788844012.729516001 1.11976
1788844013.870858532 1.07768
1788844014.465760559 1.12624
1788844015.722877377 1.05797
1788844016.323864569 1.04828
1788844017.522607447 1.05945
1788844018.145849710 1.09107
1788844019.154675649 1.04081
1788844019.757339905 1.16151
1788844021.056756324 1.13127
1788844021.669887774 1.09275
1788844022.766287844 0.884714
1788844023.363531154 1.05485
1788844024.554531730 0.990764
1788844025.144654691 0.932009
1788844026.262549922 0.796136
1788844026.894978990 0.996159
1788844028.236770039 1.04338
1788844028.864607510 0.955662
1788844029.826812934 0.883388
1788844030.450758103 1.05779
1788844031.476513654 0.828654
1788844032.091669774 0.894082
1788844033.173168851 0.896902
1788844033.842239078 0.836983
1788844035.054828276 0.940136
1788844035.683704967 1.08129
1788844037.018200042 0.951667
1788844037.644933900 1.05308
1788844038.778598837 0.758605
1788844039.435591304 0.68494
1788844040.166058403 0.492835
1788844040.680882125 0.485603
1788844041.578718592 0.412102
1788844042.112576549 0.3559
1788844042.995608300 0.532257
1788844043.530936789 0.485684
1788844044.152939254 0.38585
1788844044.661794581 0.0786079
1788844045.267873650 0.098997
1788844045.781104468 0.136391
