1788844097.028827839 1.03389
1788844097.640493239 1.12807
1788844098.744598274 0.914764
1788844099.281637192 1.06138
1788844100.369468411 0.946839
1788844100.953961293 1.11207
1788844102.054851671 0.826604
1788844102.645393643 1.03295
1788844103.882476373 1.09128
1788844104.518387372 1.05361
1788844105.744879909 1.01917
1788844106.360706987 1.15292
1788844107.459161951 1.07424
1788844108.049658131 1.08383
1788844109.255897857 1.08602
1788844109.870589679 1.18759
1788844111.144451928 1.09902
1788844111.755326074 1.11316
1788844112.749596998 0.935359
1788844113.358037106 1.019
1788844114.592565981 1.05303
1788844115.238643273 1.06798
1788844116.321883171 1.08009
1788844116.924243863 0.846668
1788844117.869595031 0.877981
1788844118.469764465 1.13301
1788844119.545561674 1.05038
1788844120.165998102 1.11212
1788844121.258164784 1.06211
1788844121.875406024 0.939665
1788844122.947442346 1.06339
1788844123.574482370 1.25989
1788844124.643105551 0.982576
1788844125.233943271 0.981657
1788844126.369635665 1.08304
1788844126.985588112 0.909162
1788844128.120691632 0.889789
1788844128.684633909 1.18807
1788844129.982907352 1.00133
1788844130.589841548 0.889718
1788844131.535435337 0.898906
1788844132.145316243 0.836229
1788844133.352495859 0.778674
1788844133.928500815 0.850687
1788844135.082649726 0.883767
1788844135.738884632 1.00574
1788844136.857650712 0.947469
1788844137.477685657 0.838662
1788844138.726069791 0.993287
1788844139.291786186 1.07828
1788844140.539206564 0.945952
1788844141.128639486 0.780411
1788844142.288179390 0.853787
1788844142.852642158 0.56691
1788844143.938081291 0.866008
1788844144.531323685 0.640548
1788844145.153694209 0.562366
1788844145.754194303 0.749376
1788844146.471599610 0.404235
1788844146.989284692 0.502236
1788844147.742503619 0.278803
1788844148.251361068 0.235823
1788844148.857962790 0.181338
1788844149.373408288 0.174606
1788844149.970457739 0.234487
1788844150.479019512 0.137643
1788844151.091118038 0.392093
1788844151.599165393 0.531447
1788844152.478003666 0.182059
1788844152.986869608 0.275122
1788844153.573789864 0.0511143
1788844154.090108839 0.0581036
1788844154.677750506 0.0340343
