1788844208.943027178 1.12231
1788844209.545083140 1.06302
1788844210.592525171 0.906973
1788844211.167864261 0.955958
1788844212.229163965 0.989353
1788844212.843622812 1.04157
1788844213.933750301 1.07327
1788844214.543121072 1.13232
1788844215.670595514 1.11755
1788844216.288536669 1.10043
1788844217.561817541 1.03669
1788844218.173547827 1.1116
1788844219.240844585 0.974421
1788844219.770482211 1.09509
1788844220.871526438 1.09896
1788844221.519563619 1.2345
1788844222.740484812 1.2122
1788844223.365523423 1.11993
1788844224.465220417 1.05483
1788844225.079396205 1.13974
1788844226.280936818 1.09027
1788844226.894372027 1.10851
1788844228.085775833 1.08276
1788844228.681520669 1.07429
1788844229.723550601 0.921279
1788844230.278958895 1.15231
1788844231.485117737 1.09438
1788844232.119562608 1.05604
1788844233.276641940 1.17537
1788844233.926546075 1.07708
1788844234.889353431 1.08017
1788844235.532549782 1.05722
1788844236.742788256 1.09069
1788844237.357159134 1.15565
1788844238.538440205 1.05817
1788844239.156109821 1.01996
1788844240.387638294 0.901318
1788844240.977506418 0.796788
1788844242.172634981 0.962238
1788844242.765455705 0.927767
1788844244.159571050 1.16202
1788844244.771945177 0.849154
1788844245.946480882 0.825855
1788844246.580610431 0.977718
1788844247.635573998 0.938424
1788844248.228373002 1.04589
1788844249.467164887 0.831457
1788844250.081417593 0.634918
1788844251.147141838 0.581766
1788844251.674990746 0.719903
1788844252.459941203 0.458628
1788844253.043358740 0.291386
1788844253.651717580 0.21369
1788844254.258484645 0.692193
1788844255.124001840 0.369721
1788844255.637678221 0.214143
1788844256.276284998 0.109614
1788844256.785674359 0.471153
1788844257.572982581 0.203224
1788844258.082203374 0.176741
1788844258.676654883 0.252334
1788844259.189681402 0.584766
1788844260.032927380 0.438781
1788844260.541265081 0.0590159
1788844261.132238908 0.118449
1788844261.643121912 0.0782958
