1788844310.845492478 0.924141
1788844311.438238521 1.02911
1788844312.466258748 0.992199
1788844313.083553127 0.955784
1788844314.056554144 0.945528
1788844314.639641682 1.029
1788844315.723559343 0.996383
1788844316.274603638 1.14328
1788844317.455009172 1.0759
1788844318.064955636 1.16404
1788844319.258547265 1.08077
1788844319.868770254 1.13073
1788844321.053602528 1.02968
1788844321.632546527 0.932733
1788844322.572159214 1.0962
1788844323.186939830 1.17115
1788844324.294476175 1.07445
1788844324.937590573 1.11955
1788844325.966569153 1.03015
1788844326.582692795 1.1686
1788844327.687810899 1.10395
1788844328.289771353 1.17948
1788844329.483681514 1.04698
1788844330.082476920 1.13561
1788844331.185205239 0.934046
1788844331.766486965 1.15262
1788844332.865329516 1.09206
1788844333.492497921 1.10018
1788844334.652896704 1.0686
1788844335.239570296 1.12499
1788844336.330535544 0.889117
1788844336.919690600 1.05235
1788844338.040290860 1.05301
1788844338.657577072 1.1664
1788844339.822498765 1.06445
1788844340.440992198 1.03477
1788844341.387674952 0.813366
1788844341.963583605 1.0071
1788844343.020690292 1.06895
1788844343.641549320 1.17579
1788844344.828394575 1.09534
1788844345.445611722 0.82629
1788844346.644471609 0.875832
1788844347.270561660 0.958329
1788844348.541111431 0.842155
1788844349.124465475 0.874255
1788844350.249529472 1.02217
1788844350.851604276 1.17926
1788844352.088313198 1.05926
1788844352.670066400 0.807903
1788844353.746233448 1.02214
1788844354.360151988 1.10764
1788844355.520595781 0.878977
1788844356.149356934 1.01787
1788844357.280393150 0.857618
1788844357.873437529 0.438415
1788844358.824484099 0.651914
1788844359.398688961 0.435385
1788844359.989571594 0.57541
1788844360.556548718 0.211649
1788844361.174705832 0.291188
1788844361.715424121 0.388372
1788844362.383223317 0.284517
1788844362.971446694 0.544011
1788844363.568841971 0.150654
1788844364.077586976 0.216218
1788844364.785280093 0.197826
1788844365.294705160 0.11778
1788844365.876352019 0.120348
1788844366.388812828 0.058541
