1788868589.615447121 0.176238
1788868590.124954233 0.157015
1788868590.632298026 0.0591315
1788868591.139429746 0.0591562
1788868591.646585896 0.0788712
1788868592.153846127 0.0394275
1788868592.681235871 0.15169
1788868593.285527117 0.19858
1788868593.792702052 0.118302
1788868594.299812809 0.0591586
1788868594.806663166 0.0986485
1788868595.313796296 0.256343
1788868595.872303978 0.0537145
1788868596.383660441 0.0586674
1788868596.890801057 0.0591553
1788868597.397746910 0.0591779
1788868597.904979292 0.0197148
1788868598.412019067 0.0394446
1788868598.920215910 0.0393548
1788868599.427382689 0.0394347
1788868599.934638942 0.118283
1788868600.441490855 0.0394593
1788868600.948537939 0.0591661
1788868601.456143290 0.0394006
1788868601.963262956 0.0394384
1788868602.471676617 0.039338
1788868602.978963501 0.137989
1788868603.486568038 0.0591012
1788868603.994014568 0.078826
1788868604.501281851 0.0197135
1788868605.008666253 0.0394178
1788868605.515718471 0.0394437
1788868606.030045388 0.0777715
1788868606.537358874 0.11827
1788868607.044917069 0.0197022
1788868607.552010285 0.078881
1788868608.059140157 0.0197188
1788868608.566202048 0.0394429
1788868609.075449874 0.0589104
1788868609.583115450 0.0393961
1788868610.090163087 0.019722
1788868610.597362553 0.0197161
1788868611.104879332 0.0394075
1788868611.611900964 0.039446
1788868612.120740743 0.0393051
1788868612.627705627 0.0394505
1788868613.140368593 0.09753
1788868613.666717594 0.189988
1788868614.175681982 0.0196477
1788868614.685657351 0.117653
1788868615.192630185 0.0197249
1788868615.699836052 0.0591476
1788868616.207141809 0.0394239
1788868616.714224463 0.0394413
1788868617.222339012 0.118084
1788868617.729387100 0.039444
1788868618.236817853 0.197071
1788868618.745772665 0.0392962
1788868619.255606574 0.0980711
