1788868836.281072713 0.517662
1788868836.788173035 0.0591599
1788868837.295204461 0.059168
1788868837.821865774 0.341776
1788868838.332560941 0.391623
1788868838.921845507 0.441213
1788868839.428841178 0.0986201
1788868839.935966005 0.19719
1788868840.443161730 0.138014
1788868840.952868156 0.176572
1788868841.460323581 0.0788247
1788868841.968446763 0.0590408
1788868842.475510199 0.197214
1788868842.983305902 0.0393859
1788868843.490901028 0.197007
1788868844.000437596 0.353262
1788868844.507256672 0.0789236
1788868845.014095313 0.0394603
1788868845.521078131 0.0394491
1788868846.028188888 0.0394391
1788868846.535196520 0.0591707
1788868847.042977498 0.0393871
1788868847.551708335 0.0393135
1788868848.058932852 0.0591453
1788868848.565937519 0.059171
1788868849.073509289 0.11821
1788868849.595491143 0.210735
1788868850.195534306 0.0833274
1788868850.703728910 0.039355
1788868851.210532664 0.039463
1788868851.716966174 0.0592378
1788868852.224026785 0.039443
1788868852.794318056 0.0350698
1788868853.331979678 0.0743962
1788868853.838933950 0.13808
1788868854.346022196 0.0591613
1788868854.854679353 0.0393192
1788868855.361669237 0.197243
1788868855.868874076 0.0197159
1788868856.376683477 0.0393849
1788868856.885847056 0.0392801
1788868857.392973244 0.0591569
1788868857.901408876 0.0590045
1788868858.414972325 0.097359
1788868858.923200769 0.0787047
1788868859.430307370 0.0394394
1788868859.937912077 0.0394007
1788868860.445630654 0.0393919
1788868860.962970122 0.0386594
1788868861.479457722 0.0774461
1788868861.986517760 0.0394431
1788868862.493666329 0.0591542
1788868863.005050217 0.0391096
1788868863.511682920 0.0592145
1788868864.092606446 0.292637
1788868864.697734485 0.0495763
1788868865.207725278 0.0392164
1788868865.714348072 0.0789542
1788868866.296569442 0.085878
