1788869073.924453692 0.139453
1788869074.438352650 0.136214
1788869074.987924041 0.36392
1788869075.494724174 0.177585
1788869076.000733517 0.118575
1788869076.506973554 0.118521
1788869077.013419024 0.118473
1788869077.597998346 0.119744
1788869078.172687388 0.139206
1788869078.680043072 0.23652
1788869079.189672064 0.196221
1788869079.697272016 0.0985028
1788869080.204267301 0.0591722
1788869080.711137929 0.0197289
1788869081.217934887 0.0591953
1788869081.725177084 0.0197145
1788869082.232572641 0.0591254
1788869082.741603677 0.0785807
1788869083.249087548 0.0591152
1788869083.756558224 0.0197056
1788869084.264346398 0.137853
1788869084.774548694 0.0980004
1788869085.282883235 0.0983605
1788869085.791874609 0.0392934
1788869086.298872703 0.0197239
1788869086.823157733 0.20981
1788869087.374855869 0.290014
1788869087.882157970 0.0394242
1788869088.390773929 0.0589836
1788869088.897663216 0.0394564
1788869089.404140994 0.0592326
1788869089.910688962 0.0394829
1788869090.417560155 0.0197289
1788869090.924572921 0.0394467
1788869091.431712548 0.0394368
1788869091.940451338 0.137595
1788869092.447693032 0.0197145
1788869092.955429745 0.0393905
1788869093.462975149 0.0394054
1788869093.970409395 0.039414
1788869094.477651299 0.118287
1788869094.986425824 0.0393101
1788869095.522915769 0.447352
1788869096.079409832 0.48518
1788869096.587571560 0.0393575
1788869097.094083313 0.0394857
1788869097.600513326 0.0394921
1788869098.106722035 0.0395094
1788869098.612898268 0.0395119
1788869099.119387702 0.0197438
1788869099.626222635 0.0394606
1788869100.132832456 0.0394781
1788869100.640878088 0.0196833
1788869101.147653478 0.0394652
1788869101.654465106 0.0591935
1788869102.161633986 0.0197173
1788869102.668548958 0.0591815
1788869103.175399598 0.0394594
1788869103.682202642 0.0197315
