1788840808.625572878 1.45783
1788840809.245915604 1.48305
1788840809.864241656 1.50406
1788840810.479139973 1.44739
1788840811.075335753 1.37539
1788840811.679253595 1.47371
1788840812.237712009 1.43252
1788840812.835189600 1.47286
1788840813.434865938 1.45078
1788840814.037029497 1.4614
1788840814.643594453 1.45079
1788840815.232665771 1.49388
1788840815.827840550 1.46175
1788840816.417246068 1.44213
1788840816.970649762 1.51788
1788840817.618675152 1.45056
1788840818.235450385 1.49163
1788840818.849004048 1.43427
1788840819.445583801 1.5086
1788840820.075556152 1.49213
1788840820.688155670 1.4365
1788840821.318026065 1.41299
1788840821.867586005 1.54669
1788840822.477537355 1.47553
1788840823.118278905 1.43584
1788840823.733764770 1.26729
1788840824.342486545 1.47851
1788840824.930610291 1.47928
1788840825.523009108 1.41796
1788840826.039414914 1.56853
1788840826.644690508 1.43736
1788840827.187626102 1.51031
1788840827.773949378 1.46677
1788840828.389673984 1.28304
1788840828.930541483 1.12782
1788840829.448938230 1.27316
1788840830.051661004 1.46004
1788840830.629572649 1.45351
1788840831.218518386 1.46024
1788840831.786751001 1.53106
1788840832.374651301 1.49685
1788840833.031766724 1.44571
1788840833.642316475 1.03186
1788840834.152090212 1.00044
1788840834.665219825 1.53957
1788840835.270595175 1.51972
1788840835.863392789 1.43388
1788840836.449562080 1.43303
1788840837.044494954 1.54639
1788840837.684086509 1.43842
1788840838.264560750 1.48155
1788840838.831795667 1.16354
1788840839.344537802 1.34571
1788840839.868213307 1.31761
1788840840.376955804 1.37594
1788840840.890221434 1.28588
1788840841.433227997 1.45486
1788840842.032590835 1.41817
1788840842.630539906 1.48842
1788840843.185623573 1.51328
1788840843.827597329 1.43308
1788840844.363023409 1.38208
1788840844.878734498 1.53187
1788840845.480909625 1.39494
1788840846.022116703 1.42275
1788840846.530660078 1.41581
1788840847.045031508 1.53586
1788840847.658457441 1.53238
1788840848.257990066 0.95074
1788840848.766957201 0.353658
1788840849.275665137 0.471783
1788840849.791948585 0.774767
1788840850.301360582 0.628175
1788840850.809043583 0.610617
1788840851.316703295 0.374266
1788840851.827537123 0.567699
1788840852.336547446 0.255398
1788840852.847704389 0.234762
1788840853.358051648 0.21554
1788840853.867044796 0.17682
1788840854.375846483 0.176886
1788840854.884768851 0.196493
1788840855.393525152 0.157246
1788840855.902549302 0.0785818
1788840856.410774450 0.137734
1788840856.919637911 0.11791
