1788840907.554460575 1.42729
1788840908.148520356 1.4645
1788840908.729488076 1.48029
1788840909.321665078 1.45227
1788840909.923841713 1.49458
1788840910.533223422 1.47691
1788840911.143819368 1.47397
1788840911.742634482 1.46957
1788840912.338145531 1.46093
1788840912.926609984 1.44444
1788840913.489853780 1.54462
1788840914.118254365 1.43221
1788840914.739124624 1.46569
1788840915.297518785 1.43268
1788840915.858596883 1.53276
1788840916.527067391 1.45107
1788840917.072637867 1.48469
1788840917.643765117 1.43576
1788840918.253733483 1.4263
1788840918.878403509 1.5208
1788840919.542319862 1.4309
1788840920.145606993 1.5084
1788840920.759646187 1.48199
1788840921.340935096 1.46227
1788840921.953866172 1.50098
1788840922.589224406 1.47948
1788840923.248488303 1.441
1788840923.855472088 1.44979
1788840924.463005320 1.4814
1788840925.081988758 1.48631
1788840925.685751311 1.49065
1788840926.286260764 1.43212
1788840926.875588556 1.47626
1788840927.449719112 1.46308
1788840928.050653982 1.28134
1788840928.618059256 1.4628
1788840929.223317287 1.47045
1788840929.841419201 1.50461
1788840930.437524367 1.45947
1788840931.037237435 1.46737
1788840931.631060108 1.48192
1788840932.220077176 1.34122
1788840932.742048434 1.20696
1788840933.263607958 1.20792
1788840933.775882434 1.52262
1788840934.386889727 1.50571
1788840935.036967758 1.44598
1788840935.644351422 1.36652
1788840936.160609960 1.45276
1788840936.669202017 1.33702
1788840937.177191811 1.39767
1788840937.720193957 1.47329
1788840938.274441465 1.22689
1788840938.785558209 1.70215
1788840939.431529270 1.39325
1788840940.018291366 1.46567
1788840940.630466024 1.47017
1788840941.278418757 1.40442
1788840941.791536284 1.59807
1788840942.382861867 1.40363
1788840943.033989859 1.39757
1788840943.587455521 1.48157
1788840944.124806640 1.48878
1788840944.692976865 1.02082
1788840945.208341310 0.989592
1788840945.717477529 0.628516
1788840946.226073523 0.334254
1788840946.734837018 0.550353
1788840947.243543458 0.530758
1788840947.758767645 0.776361
1788840948.267172974 0.354048
1788840948.775882927 0.275206
1788840949.284853146 0.39295
1788840949.794936653 0.58814
1788840950.304499825 0.117748
1788840950.812291222 0.137852
1788840951.320096120 0.157541
1788840951.828241243 0.118077
1788840952.336595583 0.059014
1788840952.844649151 0.137781
